1,1,A,0,1
1,1,B,0,1
1,1,C,0,1
1,1,D,0,1
1,1,E,0,1
1,1,F,0,1
1,2,A,0,1
1,2,B,0,1
1,2,C,0,1
1,2,D,0,1
1,2,E,0,1
1,2,F,0,1
1,3,A,0,0
1,3,B,0,0
1,3,C,0,0
1,3,D,0,0
1,3,E,0,0
1,3,F,0,0
1,4,A,0,0
1,4,B,0,0
1,4,C,0,0
1,4,D,0,0
1,4,E,0,0
1,4,F,0,0
1,5,A,0,0
1,5,B,0,0
1,5,C,0,0
1,5,D,0,0
1,5,E,0,0
1,5,F,0,0
1,6,A,0,0
1,6,B,0,0
1,6,C,0,0
1,6,D,0,0
1,6,E,0,0
1,6,F,0,0
2,1,A,0,1
2,1,B,0,1
2,1,C,0,1
2,1,D,0,1
2,1,E,0,1
2,1,F,0,1
2,2,A,0,1
2,2,B,0,1
2,2,C,0,1
2,2,D,0,1
2,2,E,0,1
2,2,F,0,1
2,3,A,0,0
2,3,B,0,0
2,3,C,0,0
2,3,D,0,0
2,3,E,0,0
2,3,F,0,0
2,4,A,0,0
2,4,B,0,0
2,4,C,0,0
2,4,D,0,0
2,4,E,0,0
2,4,F,0,0
2,5,A,0,0
2,5,B,0,0
2,5,C,0,0
2,5,D,0,0
2,5,E,0,0
2,5,F,0,0
2,6,A,0,0
2,6,B,0,0
2,6,C,0,0
2,6,D,0,0
2,6,E,0,0
2,6,F,0,0
2,7,A,0,0
2,7,B,0,0
2,7,C,0,0
2,7,D,0,0
2,7,E,0,0
2,7,F,0,0
2,8,A,0,0
2,8,B,0,0
2,8,C,0,0
2,8,D,0,0
2,8,E,0,0
2,8,F,0,0
2,9,A,0,0
2,9,B,0,0
2,9,C,0,0
2,9,D,0,0
2,9,E,0,0
2,9,F,0,0
2,10,A,0,0
2,10,B,0,0
2,10,C,0,0
2,10,D,0,0
2,10,E,0,0
2,10,F,0,0
2,11,A,0,0
2,11,B,0,0
2,11,C,0,0
2,11,D,0,0
2,11,E,0,0
2,11,F,0,0
2,12,A,0,0
2,12,B,0,0
2,12,C,0,0
2,12,D,0,0
2,12,E,0,0
2,12,F,0,0
2,13,A,0,0
2,13,B,0,0
2,13,C,0,0
2,13,D,0,0
2,13,E,0,0
2,13,F,0,0
2,14,A,0,0
2,14,B,0,0
2,14,C,0,0
2,14,D,0,0
2,14,E,0,0
2,14,F,0,0
2,15,A,0,0
2,15,B,0,0
2,15,C,0,0
2,15,D,0,0
2,15,E,0,0
2,15,F,0,0
2,16,A,0,0
2,16,B,0,0
2,16,C,0,0
2,16,D,0,0
2,16,E,0,0
2,16,F,0,0
3,1,A,0,1
3,1,B,0,1
3,1,C,0,1
3,1,D,0,1
3,1,E,0,1
3,1,F,0,1
3,2,A,0,1
3,2,B,0,1
3,2,C,0,1
3,2,D,0,1
3,2,E,0,1
3,2,F,0,1
3,3,A,0,0
3,3,B,0,0
3,3,C,0,0
3,3,D,0,0
3,3,E,0,0
3,3,F,0,0
3,4,A,0,0
3,4,B,0,0
3,4,C,0,0
3,4,D,0,0
3,4,E,0,0
3,4,F,0,0
3,5,A,0,0
3,5,B,0,0
3,5,C,0,0
3,5,D,0,0
3,5,E,0,0
3,5,F,0,0
3,6,A,0,0
3,6,B,0,0
3,6,C,0,0
3,6,D,0,0
3,6,E,0,0
3,6,F,0,0
4,1,A,0,1
4,1,B,0,1
4,1,C,0,1
4,1,D,0,1
4,1,E,0,1
4,1,F,0,1
4,2,A,0,1
4,2,B,0,1
4,2,C,0,1
4,2,D,0,1
4,2,E,0,1
4,2,F,0,1
4,3,A,0,0
4,3,B,0,0
4,3,C,0,0
4,3,D,0,0
4,3,E,0,0
4,3,F,0,0
4,4,A,0,0
4,4,B,0,0
4,4,C,0,0
4,4,D,0,0
4,4,E,0,0
4,4,F,0,0
4,5,A,0,0
4,5,B,0,0
4,5,C,0,0
4,5,D,0,0
4,5,E,0,0
4,5,F,0,0
4,6,A,0,0
4,6,B,0,0
4,6,C,0,0
4,6,D,0,0
4,6,E,0,0
4,6,F,0,0
4,7,A,0,0
4,7,B,0,0
4,7,C,0,0
4,7,D,0,0
4,7,E,0,0
4,7,F,0,0
4,8,A,0,0
4,8,B,0,0
4,8,C,0,0
4,8,D,0,0
4,8,E,0,0
4,8,F,0,0
4,9,A,0,0
4,9,B,0,0
4,9,C,0,0
4,9,D,0,0
4,9,E,0,0
4,9,F,0,0
4,10,A,0,0
4,10,B,0,0
4,10,C,0,0
4,10,D,0,0
4,10,E,0,0
4,10,F,0,0
4,11,A,0,0
4,11,B,0,0
4,11,C,0,0
4,11,D,0,0
4,11,E,0,0
4,11,F,0,0
4,12,A,0,0
4,12,B,0,0
4,12,C,0,0
4,12,D,0,0
4,12,E,0,0
4,12,F,0,0
4,13,A,0,0
4,13,B,0,0
4,13,C,0,0
4,13,D,0,0
4,13,E,0,0
4,13,F,0,0
5,1,A,0,1
5,1,B,0,1
5,1,C,0,1
5,1,D,0,1
5,1,E,0,1
5,1,F,0,1
5,2,A,0,1
5,2,B,0,1
5,2,C,0,1
5,2,D,0,1
5,2,E,0,1
5,2,F,0,1
5,3,A,0,0
5,3,B,0,0
5,3,C,0,0
5,3,D,0,0
5,3,E,0,0
5,3,F,0,0
5,4,A,0,0
5,4,B,0,0
5,4,C,0,0
5,4,D,0,0
5,4,E,0,0
5,4,F,0,0
5,5,A,0,0
5,5,B,0,0
5,5,C,0,0
5,5,D,0,0
5,5,E,0,0
5,5,F,0,0
5,6,A,0,0
5,6,B,0,0
5,6,C,0,0
5,6,D,0,0
5,6,E,0,0
5,6,F,0,0
5,7,A,0,0
5,7,B,0,0
5,7,C,0,0
5,7,D,0,0
5,7,E,0,0
5,7,F,0,0
5,8,A,0,0
5,8,B,0,0
5,8,C,0,0
5,8,D,0,0
5,8,E,0,0
5,8,F,0,0
5,9,A,0,0
5,9,B,0,0
5,9,C,0,0
5,9,D,0,0
5,9,E,0,0
5,9,F,0,0
5,10,A,0,0
5,10,B,0,0
5,10,C,0,0
5,10,D,0,0
5,10,E,0,0
5,10,F,0,0
5,11,A,0,0
5,11,B,0,0
5,11,C,0,0
5,11,D,0,0
5,11,E,0,0
5,11,F,0,0
5,12,A,0,0
5,12,B,0,0
5,12,C,0,0
5,12,D,0,0
5,12,E,0,0
5,12,F,0,0
5,13,A,0,0
5,13,B,0,0
5,13,C,0,0
5,13,D,0,0
5,13,E,0,0
5,13,F,0,0
6,1,A,0,1
6,1,B,0,1
6,1,C,0,1
6,1,D,0,1
6,1,E,0,1
6,1,F,0,1
6,2,A,0,1
6,2,B,0,1
6,2,C,0,1
6,2,D,0,1
6,2,E,0,1
6,2,F,0,1
6,3,A,0,0
6,3,B,0,0
6,3,C,0,0
6,3,D,0,0
6,3,E,0,0
6,3,F,0,0
6,4,A,0,0
6,4,B,0,0
6,4,C,0,0
6,4,D,0,0
6,4,E,0,0
6,4,F,0,0
6,5,A,0,0
6,5,B,0,0
6,5,C,0,0
6,5,D,0,0
6,5,E,0,0
6,5,F,0,0
6,6,A,0,0
6,6,B,0,0
6,6,C,0,0
6,6,D,0,0
6,6,E,0,0
6,6,F,0,0
6,7,A,0,0
6,7,B,0,0
6,7,C,0,0
6,7,D,0,0
6,7,E,0,0
6,7,F,0,0
6,8,A,0,0
6,8,B,0,0
6,8,C,0,0
6,8,D,0,0
6,8,E,0,0
6,8,F,0,0
6,9,A,0,0
6,9,B,0,0
6,9,C,0,0
6,9,D,0,0
6,9,E,0,0
6,9,F,0,0
6,10,A,0,0
6,10,B,0,0
6,10,C,0,0
6,10,D,0,0
6,10,E,0,0
6,10,F,0,0
6,11,A,0,0
6,11,B,0,0
6,11,C,0,0
6,11,D,0,0
6,11,E,0,0
6,11,F,0,0
6,12,A,0,0
6,12,B,0,0
6,12,C,0,0
6,12,D,0,0
6,12,E,0,0
6,12,F,0,0
6,13,A,0,0
6,13,B,0,0
6,13,C,0,0
6,13,D,0,0
6,13,E,0,0
6,13,F,0,0
6,14,A,0,0
6,14,B,0,0
6,14,C,0,0
6,14,D,0,0
6,14,E,0,0
6,14,F,0,0
6,15,A,0,0
6,15,B,0,0
6,15,C,0,0
6,15,D,0,0
6,15,E,0,0
6,15,F,0,0
6,16,A,0,0
6,16,B,0,0
6,16,C,0,0
6,16,D,0,0
6,16,E,0,0
6,16,F,0,0
6,17,A,0,0
6,17,B,0,0
6,17,C,0,0
6,17,D,0,0
6,17,E,0,0
6,17,F,0,0
6,18,A,0,0
6,18,B,0,0
6,18,C,0,0
6,18,D,0,0
6,18,E,0,0
6,18,F,0,0
7,1,A,0,1
7,1,B,0,1
7,1,C,0,1
7,1,D,0,1
7,1,E,0,1
7,1,F,0,1
7,2,A,0,1
7,2,B,0,1
7,2,C,0,1
7,2,D,0,1
7,2,E,0,1
7,2,F,0,1
7,3,A,0,0
7,3,B,0,0
7,3,C,0,0
7,3,D,0,0
7,3,E,0,0
7,3,F,0,0
7,4,A,0,0
7,4,B,0,0
7,4,C,0,0
7,4,D,0,0
7,4,E,0,0
7,4,F,0,0
7,5,A,0,0
7,5,B,0,0
7,5,C,0,0
7,5,D,0,0
7,5,E,0,0
7,5,F,0,0
8,1,A,0,1
8,1,B,0,1
8,1,C,0,1
8,1,D,0,1
8,1,E,0,1
8,1,F,0,1
8,2,A,0,1
8,2,B,0,1
8,2,C,0,1
8,2,D,0,1
8,2,E,0,1
8,2,F,0,1
8,3,A,0,0
8,3,B,0,0
8,3,C,0,0
8,3,D,0,0
8,3,E,0,0
8,3,F,0,0
8,4,A,0,0
8,4,B,0,0
8,4,C,0,0
8,4,D,0,0
8,4,E,0,0
8,4,F,0,0
8,5,A,0,0
8,5,B,0,0
8,5,C,0,0
8,5,D,0,0
8,5,E,0,0
8,5,F,0,0
8,6,A,0,0
8,6,B,0,0
8,6,C,0,0
8,6,D,0,0
8,6,E,0,0
8,6,F,0,0
8,7,A,0,0
8,7,B,0,0
8,7,C,0,0
8,7,D,0,0
8,7,E,0,0
8,7,F,0,0
8,8,A,0,0
8,8,B,0,0
8,8,C,0,0
8,8,D,0,0
8,8,E,0,0
8,8,F,0,0
8,9,A,0,0
8,9,B,0,0
8,9,C,0,0
8,9,D,0,0
8,9,E,0,0
8,9,F,0,0
8,10,A,0,0
8,10,B,0,0
8,10,C,0,0
8,10,D,0,0
8,10,E,0,0
8,10,F,0,0
8,11,A,0,0
8,11,B,0,0
8,11,C,0,0
8,11,D,0,0
8,11,E,0,0
8,11,F,0,0
8,12,A,0,0
8,12,B,0,0
8,12,C,0,0
8,12,D,0,0
8,12,E,0,0
8,12,F,0,0
8,13,A,0,0
8,13,B,0,0
8,13,C,0,0
8,13,D,0,0
8,13,E,0,0
8,13,F,0,0
8,14,A,0,0
8,14,B,0,0
8,14,C,0,0
8,14,D,0,0
8,14,E,0,0
8,14,F,0,0
8,15,A,0,0
8,15,B,0,0
8,15,C,0,0
8,15,D,0,0
8,15,E,0,0
8,15,F,0,0
8,16,A,0,0
8,16,B,0,0
8,16,C,0,0
8,16,D,0,0
8,16,E,0,0
8,16,F,0,0
8,17,A,0,0
8,17,B,0,0
8,17,C,0,0
8,17,D,0,0
8,17,E,0,0
8,17,F,0,0
8,18,A,0,0
8,18,B,0,0
8,18,C,0,0
8,18,D,0,0
8,18,E,0,0
8,18,F,0,0
8,19,A,0,0
8,19,B,0,0
8,19,C,0,0
8,19,D,0,0
8,19,E,0,0
8,19,F,0,0
9,1,A,0,1
9,1,B,0,1
9,1,C,0,1
9,1,D,0,1
9,1,E,0,1
9,1,F,0,1
9,2,A,0,1
9,2,B,0,1
9,2,C,0,1
9,2,D,0,1
9,2,E,0,1
9,2,F,0,1
9,3,A,0,0
9,3,B,0,0
9,3,C,0,0
9,3,D,0,0
9,3,E,0,0
9,3,F,0,0
9,4,A,0,0
9,4,B,0,0
9,4,C,0,0
9,4,D,0,0
9,4,E,0,0
9,4,F,0,0
9,5,A,0,0
9,5,B,0,0
9,5,C,0,0
9,5,D,0,0
9,5,E,0,0
9,5,F,0,0
9,6,A,0,0
9,6,B,0,0
9,6,C,0,0
9,6,D,0,0
9,6,E,0,0
9,6,F,0,0
9,7,A,0,0
9,7,B,0,0
9,7,C,0,0
9,7,D,0,0
9,7,E,0,0
9,7,F,0,0
9,8,A,0,0
9,8,B,0,0
9,8,C,0,0
9,8,D,0,0
9,8,E,0,0
9,8,F,0,0
9,9,A,0,0
9,9,B,0,0
9,9,C,0,0
9,9,D,0,0
9,9,E,0,0
9,9,F,0,0
9,10,A,0,0
9,10,B,0,0
9,10,C,0,0
9,10,D,0,0
9,10,E,0,0
9,10,F,0,0
9,11,A,0,0
9,11,B,0,0
9,11,C,0,0
9,11,D,0,0
9,11,E,0,0
9,11,F,0,0
9,12,A,0,0
9,12,B,0,0
9,12,C,0,0
9,12,D,0,0
9,12,E,0,0
9,12,F,0,0
9,13,A,0,0
9,13,B,0,0
9,13,C,0,0
9,13,D,0,0
9,13,E,0,0
9,13,F,0,0
9,14,A,0,0
9,14,B,0,0
9,14,C,0,0
9,14,D,0,0
9,14,E,0,0
9,14,F,0,0
9,15,A,0,0
9,15,B,0,0
9,15,C,0,0
9,15,D,0,0
9,15,E,0,0
9,15,F,0,0
10,1,A,0,1
10,1,B,0,1
10,1,C,0,1
10,1,D,0,1
10,1,E,0,1
10,1,F,0,1
10,2,A,0,1
10,2,B,0,1
10,2,C,0,1
10,2,D,0,1
10,2,E,0,1
10,2,F,0,1
10,3,A,0,0
10,3,B,0,0
10,3,C,0,0
10,3,D,0,0
10,3,E,0,0
10,3,F,0,0
10,4,A,0,0
10,4,B,0,0
10,4,C,0,0
10,4,D,0,0
10,4,E,0,0
10,4,F,0,0
10,5,A,0,0
10,5,B,0,0
10,5,C,0,0
10,5,D,0,0
10,5,E,0,0
10,5,F,0,0
10,6,A,0,0
10,6,B,0,0
10,6,C,0,0
10,6,D,0,0
10,6,E,0,0
10,6,F,0,0
10,7,A,0,0
10,7,B,0,0
10,7,C,0,0
10,7,D,0,0
10,7,E,0,0
10,7,F,0,0
11,1,A,0,1
11,1,B,0,1
11,1,C,0,1
11,1,D,0,1
11,1,E,0,1
11,1,F,0,1
11,2,A,0,1
11,2,B,0,1
11,2,C,0,1
11,2,D,0,1
11,2,E,0,1
11,2,F,0,1
11,3,A,0,0
11,3,B,0,0
11,3,C,0,0
11,3,D,0,0
11,3,E,0,0
11,3,F,0,0
11,4,A,0,0
11,4,B,0,0
11,4,C,0,0
11,4,D,0,0
11,4,E,0,0
11,4,F,0,0
11,5,A,0,0
11,5,B,0,0
11,5,C,0,0
11,5,D,0,0
11,5,E,0,0
11,5,F,0,0
12,1,A,0,1
12,1,B,0,1
12,1,C,0,1
12,1,D,0,1
12,1,E,0,1
12,1,F,0,1
12,2,A,0,1
12,2,B,0,1
12,2,C,0,1
12,2,D,0,1
12,2,E,0,1
12,2,F,0,1
12,3,A,0,0
12,3,B,0,0
12,3,C,0,0
12,3,D,0,0
12,3,E,0,0
12,3,F,0,0
12,4,A,0,0
12,4,B,0,0
12,4,C,0,0
12,4,D,0,0
12,4,E,0,0
12,4,F,0,0
12,5,A,0,0
12,5,B,0,0
12,5,C,0,0
12,5,D,0,0
12,5,E,0,0
12,5,F,0,0
13,1,A,0,1
13,1,B,0,1
13,1,C,0,1
13,1,D,0,1
13,1,E,0,1
13,1,F,0,1
13,2,A,0,1
13,2,B,0,1
13,2,C,0,1
13,2,D,0,1
13,2,E,0,1
13,2,F,0,1
13,3,A,0,0
13,3,B,0,0
13,3,C,0,0
13,3,D,0,0
13,3,E,0,0
13,3,F,0,0
13,4,A,0,0
13,4,B,0,0
13,4,C,0,0
13,4,D,0,0
13,4,E,0,0
13,4,F,0,0
13,5,A,0,0
13,5,B,0,0
13,5,C,0,0
13,5,D,0,0
13,5,E,0,0
13,5,F,0,0
13,6,A,0,0
13,6,B,0,0
13,6,C,0,0
13,6,D,0,0
13,6,E,0,0
13,6,F,0,0
13,7,A,0,0
13,7,B,0,0
13,7,C,0,0
13,7,D,0,0
13,7,E,0,0
13,7,F,0,0
14,1,A,0,1
14,1,B,0,1
14,1,C,0,1
14,1,D,0,1
14,1,E,0,1
14,1,F,0,1
14,2,A,0,1
14,2,B,0,1
14,2,C,0,1
14,2,D,0,1
14,2,E,0,1
14,2,F,0,1
14,3,A,0,0
14,3,B,0,0
14,3,C,0,0
14,3,D,0,0
14,3,E,0,0
14,3,F,0,0
14,4,A,0,0
14,4,B,0,0
14,4,C,0,0
14,4,D,0,0
14,4,E,0,0
14,4,F,0,0
14,5,A,0,0
14,5,B,0,0
14,5,C,0,0
14,5,D,0,0
14,5,E,0,0
14,5,F,0,0
14,6,A,0,0
14,6,B,0,0
14,6,C,0,0
14,6,D,0,0
14,6,E,0,0
14,6,F,0,0
14,7,A,0,0
14,7,B,0,0
14,7,C,0,0
14,7,D,0,0
14,7,E,0,0
14,7,F,0,0
14,8,A,0,0
14,8,B,0,0
14,8,C,0,0
14,8,D,0,0
14,8,E,0,0
14,8,F,0,0
14,9,A,0,0
14,9,B,0,0
14,9,C,0,0
14,9,D,0,0
14,9,E,0,0
14,9,F,0,0
14,10,A,0,0
14,10,B,0,0
14,10,C,0,0
14,10,D,0,0
14,10,E,0,0
14,10,F,0,0
14,11,A,0,0
14,11,B,0,0
14,11,C,0,0
14,11,D,0,0
14,11,E,0,0
14,11,F,0,0
14,12,A,0,0
14,12,B,0,0
14,12,C,0,0
14,12,D,0,0
14,12,E,0,0
14,12,F,0,0
14,13,A,0,0
14,13,B,0,0
14,13,C,0,0
14,13,D,0,0
14,13,E,0,0
14,13,F,0,0
15,1,A,0,1
15,1,B,0,1
15,1,C,0,1
15,1,D,0,1
15,1,E,0,1
15,1,F,0,1
15,2,A,0,1
15,2,B,0,1
15,2,C,0,1
15,2,D,0,1
15,2,E,0,1
15,2,F,0,1
15,3,A,0,0
15,3,B,0,0
15,3,C,0,0
15,3,D,0,0
15,3,E,0,0
15,3,F,0,0
15,4,A,0,0
15,4,B,0,0
15,4,C,0,0
15,4,D,0,0
15,4,E,0,0
15,4,F,0,0
15,5,A,0,0
15,5,B,0,0
15,5,C,0,0
15,5,D,0,0
15,5,E,0,0
15,5,F,0,0
15,6,A,0,0
15,6,B,0,0
15,6,C,0,0
15,6,D,0,0
15,6,E,0,0
15,6,F,0,0
15,7,A,0,0
15,7,B,0,0
15,7,C,0,0
15,7,D,0,0
15,7,E,0,0
15,7,F,0,0
15,8,A,0,0
15,8,B,0,0
15,8,C,0,0
15,8,D,0,0
15,8,E,0,0
15,8,F,0,0
15,9,A,0,0
15,9,B,0,0
15,9,C,0,0
15,9,D,0,0
15,9,E,0,0
15,9,F,0,0
15,10,A,0,0
15,10,B,0,0
15,10,C,0,0
15,10,D,0,0
15,10,E,0,0
15,10,F,0,0
15,11,A,0,0
15,11,B,0,0
15,11,C,0,0
15,11,D,0,0
15,11,E,0,0
15,11,F,0,0
15,12,A,0,0
15,12,B,0,0
15,12,C,0,0
15,12,D,0,0
15,12,E,0,0
15,12,F,0,0
15,13,A,0,0
15,13,B,0,0
15,13,C,0,0
15,13,D,0,0
15,13,E,0,0
15,13,F,0,0
16,1,A,0,1
16,1,B,0,1
16,1,C,0,1
16,1,D,0,1
16,1,E,0,1
16,1,F,0,1
16,2,A,0,1
16,2,B,0,1
16,2,C,0,1
16,2,D,0,1
16,2,E,0,1
16,2,F,0,1
16,3,A,0,0
16,3,B,0,0
16,3,C,0,0
16,3,D,0,0
16,3,E,0,0
16,3,F,0,0
16,4,A,0,0
16,4,B,0,0
16,4,C,0,0
16,4,D,0,0
16,4,E,0,0
16,4,F,0,0
16,5,A,0,0
16,5,B,0,0
16,5,C,0,0
16,5,D,0,0
16,5,E,0,0
16,5,F,0,0
16,6,A,0,0
16,6,B,0,0
16,6,C,0,0
16,6,D,0,0
16,6,E,0,0
16,6,F,0,0
16,7,A,0,0
16,7,B,0,0
16,7,C,0,0
16,7,D,0,0
16,7,E,0,0
16,7,F,0,0
16,8,A,0,0
16,8,B,0,0
16,8,C,0,0
16,8,D,0,0
16,8,E,0,0
16,8,F,0,0
16,9,A,0,0
16,9,B,0,0
16,9,C,0,0
16,9,D,0,0
16,9,E,0,0
16,9,F,0,0
16,10,A,0,0
16,10,B,0,0
16,10,C,0,0
16,10,D,0,0
16,10,E,0,0
16,10,F,0,0
17,1,A,0,1
17,1,B,0,1
17,1,C,0,1
17,1,D,0,1
17,1,E,0,1
17,1,F,0,1
17,2,A,0,1
17,2,B,0,1
17,2,C,0,1
17,2,D,0,1
17,2,E,0,1
17,2,F,0,1
17,3,A,0,0
17,3,B,0,0
17,3,C,0,0
17,3,D,0,0
17,3,E,0,0
17,3,F,0,0
17,4,A,0,0
17,4,B,0,0
17,4,C,0,0
17,4,D,0,0
17,4,E,0,0
17,4,F,0,0
17,5,A,0,0
17,5,B,0,0
17,5,C,0,0
17,5,D,0,0
17,5,E,0,0
17,5,F,0,0
18,1,A,0,1
18,1,B,0,1
18,1,C,0,1
18,1,D,0,1
18,1,E,0,1
18,1,F,0,1
18,2,A,0,1
18,2,B,0,1
18,2,C,0,1
18,2,D,0,1
18,2,E,0,1
18,2,F,0,1
18,3,A,0,0
18,3,B,0,0
18,3,C,0,0
18,3,D,0,0
18,3,E,0,0
18,3,F,0,0
18,4,A,0,0
18,4,B,0,0
18,4,C,0,0
18,4,D,0,0
18,4,E,0,0
18,4,F,0,0
18,5,A,0,0
18,5,B,0,0
18,5,C,0,0
18,5,D,0,0
18,5,E,0,0
18,5,F,0,0
18,6,A,0,0
18,6,B,0,0
18,6,C,0,0
18,6,D,0,0
18,6,E,0,0
18,6,F,0,0
18,7,A,0,0
18,7,B,0,0
18,7,C,0,0
18,7,D,0,0
18,7,E,0,0
18,7,F,0,0
18,8,A,0,0
18,8,B,0,0
18,8,C,0,0
18,8,D,0,0
18,8,E,0,0
18,8,F,0,0
18,9,A,0,0
18,9,B,0,0
18,9,C,0,0
18,9,D,0,0
18,9,E,0,0
18,9,F,0,0
18,10,A,0,0
18,10,B,0,0
18,10,C,0,0
18,10,D,0,0
18,10,E,0,0
18,10,F,0,0
18,11,A,0,0
18,11,B,0,0
18,11,C,0,0
18,11,D,0,0
18,11,E,0,0
18,11,F,0,0
18,12,A,0,0
18,12,B,0,0
18,12,C,0,0
18,12,D,0,0
18,12,E,0,0
18,12,F,0,0
18,13,A,0,0
18,13,B,0,0
18,13,C,0,0
18,13,D,0,0
18,13,E,0,0
18,13,F,0,0
18,14,A,0,0
18,14,B,0,0
18,14,C,0,0
18,14,D,0,0
18,14,E,0,0
18,14,F,0,0
19,1,A,0,1
19,1,B,0,1
19,1,C,0,1
19,1,D,0,1
19,1,E,0,1
19,1,F,0,1
19,2,A,0,1
19,2,B,0,1
19,2,C,0,1
19,2,D,0,1
19,2,E,0,1
19,2,F,0,1
19,3,A,0,0
19,3,B,0,0
19,3,C,0,0
19,3,D,0,0
19,3,E,0,0
19,3,F,0,0
19,4,A,0,0
19,4,B,0,0
19,4,C,0,0
19,4,D,0,0
19,4,E,0,0
19,4,F,0,0
19,5,A,0,0
19,5,B,0,0
19,5,C,0,0
19,5,D,0,0
19,5,E,0,0
19,5,F,0,0
19,6,A,0,0
19,6,B,0,0
19,6,C,0,0
19,6,D,0,0
19,6,E,0,0
19,6,F,0,0
19,7,A,0,0
19,7,B,0,0
19,7,C,0,0
19,7,D,0,0
19,7,E,0,0
19,7,F,0,0
19,8,A,0,0
19,8,B,0,0
19,8,C,0,0
19,8,D,0,0
19,8,E,0,0
19,8,F,0,0
19,9,A,0,0
19,9,B,0,0
19,9,C,0,0
19,9,D,0,0
19,9,E,0,0
19,9,F,0,0
20,1,A,0,1
20,1,B,0,1
20,1,C,0,1
20,1,D,0,1
20,1,E,0,1
20,1,F,0,1
20,2,A,0,1
20,2,B,0,1
20,2,C,0,1
20,2,D,0,1
20,2,E,0,1
20,2,F,0,1
20,3,A,0,0
20,3,B,0,0
20,3,C,0,0
20,3,D,0,0
20,3,E,0,0
20,3,F,0,0
20,4,A,0,0
20,4,B,0,0
20,4,C,0,0
20,4,D,0,0
20,4,E,0,0
20,4,F,0,0
20,5,A,0,0
20,5,B,0,0
20,5,C,0,0
20,5,D,0,0
20,5,E,0,0
20,5,F,0,0
20,6,A,0,0
20,6,B,0,0
20,6,C,0,0
20,6,D,0,0
20,6,E,0,0
20,6,F,0,0
20,7,A,0,0
20,7,B,0,0
20,7,C,0,0
20,7,D,0,0
20,7,E,0,0
20,7,F,0,0
20,8,A,0,0
20,8,B,0,0
20,8,C,0,0
20,8,D,0,0
20,8,E,0,0
20,8,F,0,0
20,9,A,0,0
20,9,B,0,0
20,9,C,0,0
20,9,D,0,0
20,9,E,0,0
20,9,F,0,0
20,10,A,0,0
20,10,B,0,0
20,10,C,0,0
20,10,D,0,0
20,10,E,0,0
20,10,F,0,0
20,11,A,0,0
20,11,B,0,0
20,11,C,0,0
20,11,D,0,0
20,11,E,0,0
20,11,F,0,0
20,12,A,0,0
20,12,B,0,0
20,12,C,0,0
20,12,D,0,0
20,12,E,0,0
20,12,F,0,0
20,13,A,0,0
20,13,B,0,0
20,13,C,0,0
20,13,D,0,0
20,13,E,0,0
20,13,F,0,0
20,14,A,0,0
20,14,B,0,0
20,14,C,0,0
20,14,D,0,0
20,14,E,0,0
20,14,F,0,0
20,15,A,0,0
20,15,B,0,0
20,15,C,0,0
20,15,D,0,0
20,15,E,0,0
20,15,F,0,0
20,16,A,0,0
20,16,B,0,0
20,16,C,0,0
20,16,D,0,0
20,16,E,0,0
20,16,F,0,0
21,1,A,0,1
21,1,B,0,1
21,1,C,0,1
21,1,D,0,1
21,1,E,0,1
21,1,F,0,1
21,2,A,0,1
21,2,B,0,1
21,2,C,0,1
21,2,D,0,1
21,2,E,0,1
21,2,F,0,1
21,3,A,0,0
21,3,B,0,0
21,3,C,0,0
21,3,D,0,0
21,3,E,0,0
21,3,F,0,0
21,4,A,0,0
21,4,B,0,0
21,4,C,0,0
21,4,D,0,0
21,4,E,0,0
21,4,F,0,0
21,5,A,0,0
21,5,B,0,0
21,5,C,0,0
21,5,D,0,0
21,5,E,0,0
21,5,F,0,0
21,6,A,0,0
21,6,B,0,0
21,6,C,0,0
21,6,D,0,0
21,6,E,0,0
21,6,F,0,0
22,1,A,0,1
22,1,B,0,1
22,1,C,0,1
22,1,D,0,1
22,1,E,0,1
22,1,F,0,1
22,2,A,0,1
22,2,B,0,1
22,2,C,0,1
22,2,D,0,1
22,2,E,0,1
22,2,F,0,1
22,3,A,0,0
22,3,B,0,0
22,3,C,0,0
22,3,D,0,0
22,3,E,0,0
22,3,F,0,0
22,4,A,0,0
22,4,B,0,0
22,4,C,0,0
22,4,D,0,0
22,4,E,0,0
22,4,F,0,0
22,5,A,0,0
22,5,B,0,0
22,5,C,0,0
22,5,D,0,0
22,5,E,0,0
22,5,F,0,0
22,6,A,0,0
22,6,B,0,0
22,6,C,0,0
22,6,D,0,0
22,6,E,0,0
22,6,F,0,0
22,7,A,0,0
22,7,B,0,0
22,7,C,0,0
22,7,D,0,0
22,7,E,0,0
22,7,F,0,0
22,8,A,0,0
22,8,B,0,0
22,8,C,0,0
22,8,D,0,0
22,8,E,0,0
22,8,F,0,0
22,9,A,0,0
22,9,B,0,0
22,9,C,0,0
22,9,D,0,0
22,9,E,0,0
22,9,F,0,0
22,10,A,0,0
22,10,B,0,0
22,10,C,0,0
22,10,D,0,0
22,10,E,0,0
22,10,F,0,0
22,11,A,0,0
22,11,B,0,0
22,11,C,0,0
22,11,D,0,0
22,11,E,0,0
22,11,F,0,0
22,12,A,0,0
22,12,B,0,0
22,12,C,0,0
22,12,D,0,0
22,12,E,0,0
22,12,F,0,0
22,13,A,0,0
22,13,B,0,0
22,13,C,0,0
22,13,D,0,0
22,13,E,0,0
22,13,F,0,0
22,14,A,0,0
22,14,B,0,0
22,14,C,0,0
22,14,D,0,0
22,14,E,0,0
22,14,F,0,0
23,1,A,0,1
23,1,B,0,1
23,1,C,0,1
23,1,D,0,1
23,1,E,0,1
23,1,F,0,1
23,2,A,0,1
23,2,B,0,1
23,2,C,0,1
23,2,D,0,1
23,2,E,0,1
23,2,F,0,1
23,3,A,0,0
23,3,B,0,0
23,3,C,0,0
23,3,D,0,0
23,3,E,0,0
23,3,F,0,0
23,4,A,0,0
23,4,B,0,0
23,4,C,0,0
23,4,D,0,0
23,4,E,0,0
23,4,F,0,0
23,5,A,0,0
23,5,B,0,0
23,5,C,0,0
23,5,D,0,0
23,5,E,0,0
23,5,F,0,0
23,6,A,0,0
23,6,B,0,0
23,6,C,0,0
23,6,D,0,0
23,6,E,0,0
23,6,F,0,0
23,7,A,0,0
23,7,B,0,0
23,7,C,0,0
23,7,D,0,0
23,7,E,0,0
23,7,F,0,0
23,8,A,0,0
23,8,B,0,0
23,8,C,0,0
23,8,D,0,0
23,8,E,0,0
23,8,F,0,0
23,9,A,0,0
23,9,B,0,0
23,9,C,0,0
23,9,D,0,0
23,9,E,0,0
23,9,F,0,0
23,10,A,0,0
23,10,B,0,0
23,10,C,0,0
23,10,D,0,0
23,10,E,0,0
23,10,F,0,0
23,11,A,0,0
23,11,B,0,0
23,11,C,0,0
23,11,D,0,0
23,11,E,0,0
23,11,F,0,0
23,12,A,0,0
23,12,B,0,0
23,12,C,0,0
23,12,D,0,0
23,12,E,0,0
23,12,F,0,0
23,13,A,0,0
23,13,B,0,0
23,13,C,0,0
23,13,D,0,0
23,13,E,0,0
23,13,F,0,0
23,14,A,0,0
23,14,B,0,0
23,14,C,0,0
23,14,D,0,0
23,14,E,0,0
23,14,F,0,0
23,15,A,0,0
23,15,B,0,0
23,15,C,0,0
23,15,D,0,0
23,15,E,0,0
23,15,F,0,0
23,16,A,0,0
23,16,B,0,0
23,16,C,0,0
23,16,D,0,0
23,16,E,0,0
23,16,F,0,0
23,17,A,0,0
23,17,B,0,0
23,17,C,0,0
23,17,D,0,0
23,17,E,0,0
23,17,F,0,0
23,18,A,0,0
23,18,B,0,0
23,18,C,0,0
23,18,D,0,0
23,18,E,0,0
23,18,F,0,0
23,19,A,0,0
23,19,B,0,0
23,19,C,0,0
23,19,D,0,0
23,19,E,0,0
23,19,F,0,0
24,1,A,0,1
24,1,B,0,1
24,1,C,0,1
24,1,D,0,1
24,1,E,0,1
24,1,F,0,1
24,2,A,0,1
24,2,B,0,1
24,2,C,0,1
24,2,D,0,1
24,2,E,0,1
24,2,F,0,1
24,3,A,0,0
24,3,B,0,0
24,3,C,0,0
24,3,D,0,0
24,3,E,0,0
24,3,F,0,0
24,4,A,0,0
24,4,B,0,0
24,4,C,0,0
24,4,D,0,0
24,4,E,0,0
24,4,F,0,0
24,5,A,0,0
24,5,B,0,0
24,5,C,0,0
24,5,D,0,0
24,5,E,0,0
24,5,F,0,0
24,6,A,0,0
24,6,B,0,0
24,6,C,0,0
24,6,D,0,0
24,6,E,0,0
24,6,F,0,0
24,7,A,0,0
24,7,B,0,0
24,7,C,0,0
24,7,D,0,0
24,7,E,0,0
24,7,F,0,0
24,8,A,0,0
24,8,B,0,0
24,8,C,0,0
24,8,D,0,0
24,8,E,0,0
24,8,F,0,0
24,9,A,0,0
24,9,B,0,0
24,9,C,0,0
24,9,D,0,0
24,9,E,0,0
24,9,F,0,0
24,10,A,0,0
24,10,B,0,0
24,10,C,0,0
24,10,D,0,0
24,10,E,0,0
24,10,F,0,0
24,11,A,0,0
24,11,B,0,0
24,11,C,0,0
24,11,D,0,0
24,11,E,0,0
24,11,F,0,0
24,12,A,0,0
24,12,B,0,0
24,12,C,0,0
24,12,D,0,0
24,12,E,0,0
24,12,F,0,0
24,13,A,0,0
24,13,B,0,0
24,13,C,0,0
24,13,D,0,0
24,13,E,0,0
24,13,F,0,0
24,14,A,0,0
24,14,B,0,0
24,14,C,0,0
24,14,D,0,0
24,14,E,0,0
24,14,F,0,0
24,15,A,0,0
24,15,B,0,0
24,15,C,0,0
24,15,D,0,0
24,15,E,0,0
24,15,F,0,0
25,1,A,0,1
25,1,B,0,1
25,1,C,0,1
25,1,D,0,1
25,1,E,0,1
25,1,F,0,1
25,2,A,0,1
25,2,B,0,1
25,2,C,0,1
25,2,D,0,1
25,2,E,0,1
25,2,F,0,1
25,3,A,0,0
25,3,B,0,0
25,3,C,0,0
25,3,D,0,0
25,3,E,0,0
25,3,F,0,0
25,4,A,0,0
25,4,B,0,0
25,4,C,0,0
25,4,D,0,0
25,4,E,0,0
25,4,F,0,0
25,5,A,0,0
25,5,B,0,0
25,5,C,0,0
25,5,D,0,0
25,5,E,0,0
25,5,F,0,0
25,6,A,0,0
25,6,B,0,0
25,6,C,0,0
25,6,D,0,0
25,6,E,0,0
25,6,F,0,0
25,7,A,0,0
25,7,B,0,0
25,7,C,0,0
25,7,D,0,0
25,7,E,0,0
25,7,F,0,0
25,8,A,0,0
25,8,B,0,0
25,8,C,0,0
25,8,D,0,0
25,8,E,0,0
25,8,F,0,0
25,9,A,0,0
25,9,B,0,0
25,9,C,0,0
25,9,D,0,0
25,9,E,0,0
25,9,F,0,0
25,10,A,0,0
25,10,B,0,0
25,10,C,0,0
25,10,D,0,0
25,10,E,0,0
25,10,F,0,0
25,11,A,0,0
25,11,B,0,0
25,11,C,0,0
25,11,D,0,0
25,11,E,0,0
25,11,F,0,0
25,12,A,0,0
25,12,B,0,0
25,12,C,0,0
25,12,D,0,0
25,12,E,0,0
25,12,F,0,0
25,13,A,0,0
25,13,B,0,0
25,13,C,0,0
25,13,D,0,0
25,13,E,0,0
25,13,F,0,0
25,14,A,0,0
25,14,B,0,0
25,14,C,0,0
25,14,D,0,0
25,14,E,0,0
25,14,F,0,0
26,1,A,0,1
26,1,B,0,1
26,1,C,0,1
26,1,D,0,1
26,1,E,0,1
26,1,F,0,1
26,2,A,0,1
26,2,B,0,1
26,2,C,0,1
26,2,D,0,1
26,2,E,0,1
26,2,F,0,1
26,3,A,0,0
26,3,B,0,0
26,3,C,0,0
26,3,D,0,0
26,3,E,0,0
26,3,F,0,0
26,4,A,0,0
26,4,B,0,0
26,4,C,0,0
26,4,D,0,0
26,4,E,0,0
26,4,F,0,0
26,5,A,0,0
26,5,B,0,0
26,5,C,0,0
26,5,D,0,0
26,5,E,0,0
26,5,F,0,0
26,6,A,0,0
26,6,B,0,0
26,6,C,0,0
26,6,D,0,0
26,6,E,0,0
26,6,F,0,0
26,7,A,0,0
26,7,B,0,0
26,7,C,0,0
26,7,D,0,0
26,7,E,0,0
26,7,F,0,0
27,1,A,0,1
27,1,B,0,1
27,1,C,0,1
27,1,D,0,1
27,1,E,0,1
27,1,F,0,1
27,2,A,0,1
27,2,B,0,1
27,2,C,0,1
27,2,D,0,1
27,2,E,0,1
27,2,F,0,1
27,3,A,0,0
27,3,B,0,0
27,3,C,0,0
27,3,D,0,0
27,3,E,0,0
27,3,F,0,0
27,4,A,0,0
27,4,B,0,0
27,4,C,0,0
27,4,D,0,0
27,4,E,0,0
27,4,F,0,0
27,5,A,0,0
27,5,B,0,0
27,5,C,0,0
27,5,D,0,0
27,5,E,0,0
27,5,F,0,0
27,6,A,0,0
27,6,B,0,0
27,6,C,0,0
27,6,D,0,0
27,6,E,0,0
27,6,F,0,0
27,7,A,0,0
27,7,B,0,0
27,7,C,0,0
27,7,D,0,0
27,7,E,0,0
27,7,F,0,0
27,8,A,0,0
27,8,B,0,0
27,8,C,0,0
27,8,D,0,0
27,8,E,0,0
27,8,F,0,0
27,9,A,0,0
27,9,B,0,0
27,9,C,0,0
27,9,D,0,0
27,9,E,0,0
27,9,F,0,0
27,10,A,0,0
27,10,B,0,0
27,10,C,0,0
27,10,D,0,0
27,10,E,0,0
27,10,F,0,0
28,1,A,0,1
28,1,B,0,1
28,1,C,0,1
28,1,D,0,1
28,1,E,0,1
28,1,F,0,1
28,2,A,0,1
28,2,B,0,1
28,2,C,0,1
28,2,D,0,1
28,2,E,0,1
28,2,F,0,1
28,3,A,0,0
28,3,B,0,0
28,3,C,0,0
28,3,D,0,0
28,3,E,0,0
28,3,F,0,0
28,4,A,0,0
28,4,B,0,0
28,4,C,0,0
28,4,D,0,0
28,4,E,0,0
28,4,F,0,0
28,5,A,0,0
28,5,B,0,0
28,5,C,0,0
28,5,D,0,0
28,5,E,0,0
28,5,F,0,0
28,6,A,0,0
28,6,B,0,0
28,6,C,0,0
28,6,D,0,0
28,6,E,0,0
28,6,F,0,0
28,7,A,0,0
28,7,B,0,0
28,7,C,0,0
28,7,D,0,0
28,7,E,0,0
28,7,F,0,0
28,8,A,0,0
28,8,B,0,0
28,8,C,0,0
28,8,D,0,0
28,8,E,0,0
28,8,F,0,0
28,9,A,0,0
28,9,B,0,0
28,9,C,0,0
28,9,D,0,0
28,9,E,0,0
28,9,F,0,0
28,10,A,0,0
28,10,B,0,0
28,10,C,0,0
28,10,D,0,0
28,10,E,0,0
28,10,F,0,0
28,11,A,0,0
28,11,B,0,0
28,11,C,0,0
28,11,D,0,0
28,11,E,0,0
28,11,F,0,0
28,12,A,0,0
28,12,B,0,0
28,12,C,0,0
28,12,D,0,0
28,12,E,0,0
28,12,F,0,0
28,13,A,0,0
28,13,B,0,0
28,13,C,0,0
28,13,D,0,0
28,13,E,0,0
28,13,F,0,0
28,14,A,0,0
28,14,B,0,0
28,14,C,0,0
28,14,D,0,0
28,14,E,0,0
28,14,F,0,0
28,15,A,0,0
28,15,B,0,0
28,15,C,0,0
28,15,D,0,0
28,15,E,0,0
28,15,F,0,0
28,16,A,0,0
28,16,B,0,0
28,16,C,0,0
28,16,D,0,0
28,16,E,0,0
28,16,F,0,0
28,17,A,0,0
28,17,B,0,0
28,17,C,0,0
28,17,D,0,0
28,17,E,0,0
28,17,F,0,0
28,18,A,0,0
28,18,B,0,0
28,18,C,0,0
28,18,D,0,0
28,18,E,0,0
28,18,F,0,0
28,19,A,0,0
28,19,B,0,0
28,19,C,0,0
28,19,D,0,0
28,19,E,0,0
28,19,F,0,0
29,1,A,0,1
29,1,B,0,1
29,1,C,0,1
29,1,D,0,1
29,1,E,0,1
29,1,F,0,1
29,2,A,0,1
29,2,B,0,1
29,2,C,0,1
29,2,D,0,1
29,2,E,0,1
29,2,F,0,1
29,3,A,0,0
29,3,B,0,0
29,3,C,0,0
29,3,D,0,0
29,3,E,0,0
29,3,F,0,0
29,4,A,0,0
29,4,B,0,0
29,4,C,0,0
29,4,D,0,0
29,4,E,0,0
29,4,F,0,0
29,5,A,0,0
29,5,B,0,0
29,5,C,0,0
29,5,D,0,0
29,5,E,0,0
29,5,F,0,0
29,6,A,0,0
29,6,B,0,0
29,6,C,0,0
29,6,D,0,0
29,6,E,0,0
29,6,F,0,0
29,7,A,0,0
29,7,B,0,0
29,7,C,0,0
29,7,D,0,0
29,7,E,0,0
29,7,F,0,0
29,8,A,0,0
29,8,B,0,0
29,8,C,0,0
29,8,D,0,0
29,8,E,0,0
29,8,F,0,0
29,9,A,0,0
29,9,B,0,0
29,9,C,0,0
29,9,D,0,0
29,9,E,0,0
29,9,F,0,0
29,10,A,0,0
29,10,B,0,0
29,10,C,0,0
29,10,D,0,0
29,10,E,0,0
29,10,F,0,0
29,11,A,0,0
29,11,B,0,0
29,11,C,0,0
29,11,D,0,0
29,11,E,0,0
29,11,F,0,0
29,12,A,0,0
29,12,B,0,0
29,12,C,0,0
29,12,D,0,0
29,12,E,0,0
29,12,F,0,0
29,13,A,0,0
29,13,B,0,0
29,13,C,0,0
29,13,D,0,0
29,13,E,0,0
29,13,F,0,0
29,14,A,0,0
29,14,B,0,0
29,14,C,0,0
29,14,D,0,0
29,14,E,0,0
29,14,F,0,0
30,1,A,0,1
30,1,B,0,1
30,1,C,0,1
30,1,D,0,1
30,1,E,0,1
30,1,F,0,1
30,2,A,0,1
30,2,B,0,1
30,2,C,0,1
30,2,D,0,1
30,2,E,0,1
30,2,F,0,1
30,3,A,0,0
30,3,B,0,0
30,3,C,0,0
30,3,D,0,0
30,3,E,0,0
30,3,F,0,0
30,4,A,0,0
30,4,B,0,0
30,4,C,0,0
30,4,D,0,0
30,4,E,0,0
30,4,F,0,0
30,5,A,0,0
30,5,B,0,0
30,5,C,0,0
30,5,D,0,0
30,5,E,0,0
30,5,F,0,0
30,6,A,0,0
30,6,B,0,0
30,6,C,0,0
30,6,D,0,0
30,6,E,0,0
30,6,F,0,0
30,7,A,0,0
30,7,B,0,0
30,7,C,0,0
30,7,D,0,0
30,7,E,0,0
30,7,F,0,0
30,8,A,0,0
30,8,B,0,0
30,8,C,0,0
30,8,D,0,0
30,8,E,0,0
30,8,F,0,0
30,9,A,0,0
30,9,B,0,0
30,9,C,0,0
30,9,D,0,0
30,9,E,0,0
30,9,F,0,0
30,10,A,0,0
30,10,B,0,0
30,10,C,0,0
30,10,D,0,0
30,10,E,0,0
30,10,F,0,0
31,1,A,0,1
31,1,B,0,1
31,1,C,0,1
31,1,D,0,1
31,1,E,0,1
31,1,F,0,1
31,2,A,0,1
31,2,B,0,1
31,2,C,0,1
31,2,D,0,1
31,2,E,0,1
31,2,F,0,1
31,3,A,0,0
31,3,B,0,0
31,3,C,0,0
31,3,D,0,0
31,3,E,0,0
31,3,F,0,0
31,4,A,0,0
31,4,B,0,0
31,4,C,0,0
31,4,D,0,0
31,4,E,0,0
31,4,F,0,0
31,5,A,0,0
31,5,B,0,0
31,5,C,0,0
31,5,D,0,0
31,5,E,0,0
31,5,F,0,0
31,6,A,0,0
31,6,B,0,0
31,6,C,0,0
31,6,D,0,0
31,6,E,0,0
31,6,F,0,0
32,1,A,0,1
32,1,B,0,1
32,1,C,0,1
32,1,D,0,1
32,1,E,0,1
32,1,F,0,1
32,2,A,0,1
32,2,B,0,1
32,2,C,0,1
32,2,D,0,1
32,2,E,0,1
32,2,F,0,1
32,3,A,0,0
32,3,B,0,0
32,3,C,0,0
32,3,D,0,0
32,3,E,0,0
32,3,F,0,0
32,4,A,0,0
32,4,B,0,0
32,4,C,0,0
32,4,D,0,0
32,4,E,0,0
32,4,F,0,0
32,5,A,0,0
32,5,B,0,0
32,5,C,0,0
32,5,D,0,0
32,5,E,0,0
32,5,F,0,0
32,6,A,0,0
32,6,B,0,0
32,6,C,0,0
32,6,D,0,0
32,6,E,0,0
32,6,F,0,0
33,1,A,0,1
33,1,B,0,1
33,1,C,0,1
33,1,D,0,1
33,1,E,0,1
33,1,F,0,1
33,2,A,0,1
33,2,B,0,1
33,2,C,0,1
33,2,D,0,1
33,2,E,0,1
33,2,F,0,1
33,3,A,0,0
33,3,B,0,0
33,3,C,0,0
33,3,D,0,0
33,3,E,0,0
33,3,F,0,0
33,4,A,0,0
33,4,B,0,0
33,4,C,0,0
33,4,D,0,0
33,4,E,0,0
33,4,F,0,0
33,5,A,0,0
33,5,B,0,0
33,5,C,0,0
33,5,D,0,0
33,5,E,0,0
33,5,F,0,0
33,6,A,0,0
33,6,B,0,0
33,6,C,0,0
33,6,D,0,0
33,6,E,0,0
33,6,F,0,0
33,7,A,0,0
33,7,B,0,0
33,7,C,0,0
33,7,D,0,0
33,7,E,0,0
33,7,F,0,0
33,8,A,0,0
33,8,B,0,0
33,8,C,0,0
33,8,D,0,0
33,8,E,0,0
33,8,F,0,0
33,9,A,0,0
33,9,B,0,0
33,9,C,0,0
33,9,D,0,0
33,9,E,0,0
33,9,F,0,0
33,10,A,0,0
33,10,B,0,0
33,10,C,0,0
33,10,D,0,0
33,10,E,0,0
33,10,F,0,0
33,11,A,0,0
33,11,B,0,0
33,11,C,0,0
33,11,D,0,0
33,11,E,0,0
33,11,F,0,0
33,12,A,0,0
33,12,B,0,0
33,12,C,0,0
33,12,D,0,0
33,12,E,0,0
33,12,F,0,0
33,13,A,0,0
33,13,B,0,0
33,13,C,0,0
33,13,D,0,0
33,13,E,0,0
33,13,F,0,0
33,14,A,0,0
33,14,B,0,0
33,14,C,0,0
33,14,D,0,0
33,14,E,0,0
33,14,F,0,0
33,15,A,0,0
33,15,B,0,0
33,15,C,0,0
33,15,D,0,0
33,15,E,0,0
33,15,F,0,0
34,1,A,0,1
34,1,B,0,1
34,1,C,0,1
34,1,D,0,1
34,1,E,0,1
34,1,F,0,1
34,2,A,0,1
34,2,B,0,1
34,2,C,0,1
34,2,D,0,1
34,2,E,0,1
34,2,F,0,1
34,3,A,0,0
34,3,B,0,0
34,3,C,0,0
34,3,D,0,0
34,3,E,0,0
34,3,F,0,0
34,4,A,0,0
34,4,B,0,0
34,4,C,0,0
34,4,D,0,0
34,4,E,0,0
34,4,F,0,0
34,5,A,0,0
34,5,B,0,0
34,5,C,0,0
34,5,D,0,0
34,5,E,0,0
34,5,F,0,0
34,6,A,0,0
34,6,B,0,0
34,6,C,0,0
34,6,D,0,0
34,6,E,0,0
34,6,F,0,0
34,7,A,0,0
34,7,B,0,0
34,7,C,0,0
34,7,D,0,0
34,7,E,0,0
34,7,F,0,0
34,8,A,0,0
34,8,B,0,0
34,8,C,0,0
34,8,D,0,0
34,8,E,0,0
34,8,F,0,0
35,1,A,0,1
35,1,B,0,1
35,1,C,0,1
35,1,D,0,1
35,1,E,0,1
35,1,F,0,1
35,2,A,0,1
35,2,B,0,1
35,2,C,0,1
35,2,D,0,1
35,2,E,0,1
35,2,F,0,1
35,3,A,0,0
35,3,B,0,0
35,3,C,0,0
35,3,D,0,0
35,3,E,0,0
35,3,F,0,0
35,4,A,0,0
35,4,B,0,0
35,4,C,0,0
35,4,D,0,0
35,4,E,0,0
35,4,F,0,0
35,5,A,0,0
35,5,B,0,0
35,5,C,0,0
35,5,D,0,0
35,5,E,0,0
35,5,F,0,0
35,6,A,0,0
35,6,B,0,0
35,6,C,0,0
35,6,D,0,0
35,6,E,0,0
35,6,F,0,0
35,7,A,0,0
35,7,B,0,0
35,7,C,0,0
35,7,D,0,0
35,7,E,0,0
35,7,F,0,0
35,8,A,0,0
35,8,B,0,0
35,8,C,0,0
35,8,D,0,0
35,8,E,0,0
35,8,F,0,0
35,9,A,0,0
35,9,B,0,0
35,9,C,0,0
35,9,D,0,0
35,9,E,0,0
35,9,F,0,0
35,10,A,0,0
35,10,B,0,0
35,10,C,0,0
35,10,D,0,0
35,10,E,0,0
35,10,F,0,0
35,11,A,0,0
35,11,B,0,0
35,11,C,0,0
35,11,D,0,0
35,11,E,0,0
35,11,F,0,0
36,1,A,0,1
36,1,B,0,1
36,1,C,0,1
36,1,D,0,1
36,1,E,0,1
36,1,F,0,1
36,2,A,0,1
36,2,B,0,1
36,2,C,0,1
36,2,D,0,1
36,2,E,0,1
36,2,F,0,1
36,3,A,0,0
36,3,B,0,0
36,3,C,0,0
36,3,D,0,0
36,3,E,0,0
36,3,F,0,0
36,4,A,0,0
36,4,B,0,0
36,4,C,0,0
36,4,D,0,0
36,4,E,0,0
36,4,F,0,0
36,5,A,0,0
36,5,B,0,0
36,5,C,0,0
36,5,D,0,0
36,5,E,0,0
36,5,F,0,0
36,6,A,0,0
36,6,B,0,0
36,6,C,0,0
36,6,D,0,0
36,6,E,0,0
36,6,F,0,0
36,7,A,0,0
36,7,B,0,0
36,7,C,0,0
36,7,D,0,0
36,7,E,0,0
36,7,F,0,0
36,8,A,0,0
36,8,B,0,0
36,8,C,0,0
36,8,D,0,0
36,8,E,0,0
36,8,F,0,0
36,9,A,0,0
36,9,B,0,0
36,9,C,0,0
36,9,D,0,0
36,9,E,0,0
36,9,F,0,0
36,10,A,0,0
36,10,B,0,0
36,10,C,0,0
36,10,D,0,0
36,10,E,0,0
36,10,F,0,0
36,11,A,0,0
36,11,B,0,0
36,11,C,0,0
36,11,D,0,0
36,11,E,0,0
36,11,F,0,0
36,12,A,0,0
36,12,B,0,0
36,12,C,0,0
36,12,D,0,0
36,12,E,0,0
36,12,F,0,0
36,13,A,0,0
36,13,B,0,0
36,13,C,0,0
36,13,D,0,0
36,13,E,0,0
36,13,F,0,0
36,14,A,0,0
36,14,B,0,0
36,14,C,0,0
36,14,D,0,0
36,14,E,0,0
36,14,F,0,0
36,15,A,0,0
36,15,B,0,0
36,15,C,0,0
36,15,D,0,0
36,15,E,0,0
36,15,F,0,0
37,1,A,0,1
37,1,B,0,1
37,1,C,0,1
37,1,D,0,1
37,1,E,0,1
37,1,F,0,1
37,2,A,0,1
37,2,B,0,1
37,2,C,0,1
37,2,D,0,1
37,2,E,0,1
37,2,F,0,1
37,3,A,0,0
37,3,B,0,0
37,3,C,0,0
37,3,D,0,0
37,3,E,0,0
37,3,F,0,0
37,4,A,0,0
37,4,B,0,0
37,4,C,0,0
37,4,D,0,0
37,4,E,0,0
37,4,F,0,0
37,5,A,0,0
37,5,B,0,0
37,5,C,0,0
37,5,D,0,0
37,5,E,0,0
37,5,F,0,0
37,6,A,0,0
37,6,B,0,0
37,6,C,0,0
37,6,D,0,0
37,6,E,0,0
37,6,F,0,0
37,7,A,0,0
37,7,B,0,0
37,7,C,0,0
37,7,D,0,0
37,7,E,0,0
37,7,F,0,0
37,8,A,0,0
37,8,B,0,0
37,8,C,0,0
37,8,D,0,0
37,8,E,0,0
37,8,F,0,0
37,9,A,0,0
37,9,B,0,0
37,9,C,0,0
37,9,D,0,0
37,9,E,0,0
37,9,F,0,0
37,10,A,0,0
37,10,B,0,0
37,10,C,0,0
37,10,D,0,0
37,10,E,0,0
37,10,F,0,0
37,11,A,0,0
37,11,B,0,0
37,11,C,0,0
37,11,D,0,0
37,11,E,0,0
37,11,F,0,0
37,12,A,0,0
37,12,B,0,0
37,12,C,0,0
37,12,D,0,0
37,12,E,0,0
37,12,F,0,0
37,13,A,0,0
37,13,B,0,0
37,13,C,0,0
37,13,D,0,0
37,13,E,0,0
37,13,F,0,0
37,14,A,0,0
37,14,B,0,0
37,14,C,0,0
37,14,D,0,0
37,14,E,0,0
37,14,F,0,0
37,15,A,0,0
37,15,B,0,0
37,15,C,0,0
37,15,D,0,0
37,15,E,0,0
37,15,F,0,0
37,16,A,0,0
37,16,B,0,0
37,16,C,0,0
37,16,D,0,0
37,16,E,0,0
37,16,F,0,0
37,17,A,0,0
37,17,B,0,0
37,17,C,0,0
37,17,D,0,0
37,17,E,0,0
37,17,F,0,0
37,18,A,0,0
37,18,B,0,0
37,18,C,0,0
37,18,D,0,0
37,18,E,0,0
37,18,F,0,0
38,1,A,0,1
38,1,B,0,1
38,1,C,0,1
38,1,D,0,1
38,1,E,0,1
38,1,F,0,1
38,2,A,0,1
38,2,B,0,1
38,2,C,0,1
38,2,D,0,1
38,2,E,0,1
38,2,F,0,1
38,3,A,0,0
38,3,B,0,0
38,3,C,0,0
38,3,D,0,0
38,3,E,0,0
38,3,F,0,0
38,4,A,0,0
38,4,B,0,0
38,4,C,0,0
38,4,D,0,0
38,4,E,0,0
38,4,F,0,0
38,5,A,0,0
38,5,B,0,0
38,5,C,0,0
38,5,D,0,0
38,5,E,0,0
38,5,F,0,0
38,6,A,0,0
38,6,B,0,0
38,6,C,0,0
38,6,D,0,0
38,6,E,0,0
38,6,F,0,0
38,7,A,0,0
38,7,B,0,0
38,7,C,0,0
38,7,D,0,0
38,7,E,0,0
38,7,F,0,0
38,8,A,0,0
38,8,B,0,0
38,8,C,0,0
38,8,D,0,0
38,8,E,0,0
38,8,F,0,0
38,9,A,0,0
38,9,B,0,0
38,9,C,0,0
38,9,D,0,0
38,9,E,0,0
38,9,F,0,0
38,10,A,0,0
38,10,B,0,0
38,10,C,0,0
38,10,D,0,0
38,10,E,0,0
38,10,F,0,0
38,11,A,0,0
38,11,B,0,0
38,11,C,0,0
38,11,D,0,0
38,11,E,0,0
38,11,F,0,0
38,12,A,0,0
38,12,B,0,0
38,12,C,0,0
38,12,D,0,0
38,12,E,0,0
38,12,F,0,0
39,1,A,0,1
39,1,B,0,1
39,1,C,0,1
39,1,D,0,1
39,1,E,0,1
39,1,F,0,1
39,2,A,0,1
39,2,B,0,1
39,2,C,0,1
39,2,D,0,1
39,2,E,0,1
39,2,F,0,1
39,3,A,0,0
39,3,B,0,0
39,3,C,0,0
39,3,D,0,0
39,3,E,0,0
39,3,F,0,0
39,4,A,0,0
39,4,B,0,0
39,4,C,0,0
39,4,D,0,0
39,4,E,0,0
39,4,F,0,0
39,5,A,0,0
39,5,B,0,0
39,5,C,0,0
39,5,D,0,0
39,5,E,0,0
39,5,F,0,0
39,6,A,0,0
39,6,B,0,0
39,6,C,0,0
39,6,D,0,0
39,6,E,0,0
39,6,F,0,0
39,7,A,0,0
39,7,B,0,0
39,7,C,0,0
39,7,D,0,0
39,7,E,0,0
39,7,F,0,0
39,8,A,0,0
39,8,B,0,0
39,8,C,0,0
39,8,D,0,0
39,8,E,0,0
39,8,F,0,0
39,9,A,0,0
39,9,B,0,0
39,9,C,0,0
39,9,D,0,0
39,9,E,0,0
39,9,F,0,0
39,10,A,0,0
39,10,B,0,0
39,10,C,0,0
39,10,D,0,0
39,10,E,0,0
39,10,F,0,0
39,11,A,0,0
39,11,B,0,0
39,11,C,0,0
39,11,D,0,0
39,11,E,0,0
39,11,F,0,0
39,12,A,0,0
39,12,B,0,0
39,12,C,0,0
39,12,D,0,0
39,12,E,0,0
39,12,F,0,0
39,13,A,0,0
39,13,B,0,0
39,13,C,0,0
39,13,D,0,0
39,13,E,0,0
39,13,F,0,0
39,14,A,0,0
39,14,B,0,0
39,14,C,0,0
39,14,D,0,0
39,14,E,0,0
39,14,F,0,0
39,15,A,0,0
39,15,B,0,0
39,15,C,0,0
39,15,D,0,0
39,15,E,0,0
39,15,F,0,0
39,16,A,0,0
39,16,B,0,0
39,16,C,0,0
39,16,D,0,0
39,16,E,0,0
39,16,F,0,0
39,17,A,0,0
39,17,B,0,0
39,17,C,0,0
39,17,D,0,0
39,17,E,0,0
39,17,F,0,0
40,1,A,0,1
40,1,B,0,1
40,1,C,0,1
40,1,D,0,1
40,1,E,0,1
40,1,F,0,1
40,2,A,0,1
40,2,B,0,1
40,2,C,0,1
40,2,D,0,1
40,2,E,0,1
40,2,F,0,1
40,3,A,0,0
40,3,B,0,0
40,3,C,0,0
40,3,D,0,0
40,3,E,0,0
40,3,F,0,0
40,4,A,0,0
40,4,B,0,0
40,4,C,0,0
40,4,D,0,0
40,4,E,0,0
40,4,F,0,0
40,5,A,0,0
40,5,B,0,0
40,5,C,0,0
40,5,D,0,0
40,5,E,0,0
40,5,F,0,0
40,6,A,0,0
40,6,B,0,0
40,6,C,0,0
40,6,D,0,0
40,6,E,0,0
40,6,F,0,0
40,7,A,0,0
40,7,B,0,0
40,7,C,0,0
40,7,D,0,0
40,7,E,0,0
40,7,F,0,0
40,8,A,0,0
40,8,B,0,0
40,8,C,0,0
40,8,D,0,0
40,8,E,0,0
40,8,F,0,0
40,9,A,0,0
40,9,B,0,0
40,9,C,0,0
40,9,D,0,0
40,9,E,0,0
40,9,F,0,0
40,10,A,0,0
40,10,B,0,0
40,10,C,0,0
40,10,D,0,0
40,10,E,0,0
40,10,F,0,0
40,11,A,0,0
40,11,B,0,0
40,11,C,0,0
40,11,D,0,0
40,11,E,0,0
40,11,F,0,0
40,12,A,0,0
40,12,B,0,0
40,12,C,0,0
40,12,D,0,0
40,12,E,0,0
40,12,F,0,0
40,13,A,0,0
40,13,B,0,0
40,13,C,0,0
40,13,D,0,0
40,13,E,0,0
40,13,F,0,0
40,14,A,0,0
40,14,B,0,0
40,14,C,0,0
40,14,D,0,0
40,14,E,0,0
40,14,F,0,0
40,15,A,0,0
40,15,B,0,0
40,15,C,0,0
40,15,D,0,0
40,15,E,0,0
40,15,F,0,0
40,16,A,0,0
40,16,B,0,0
40,16,C,0,0
40,16,D,0,0
40,16,E,0,0
40,16,F,0,0
40,17,A,0,0
40,17,B,0,0
40,17,C,0,0
40,17,D,0,0
40,17,E,0,0
40,17,F,0,0
41,1,A,0,1
41,1,B,0,1
41,1,C,0,1
41,1,D,0,1
41,1,E,0,1
41,1,F,0,1
41,2,A,0,1
41,2,B,0,1
41,2,C,0,1
41,2,D,0,1
41,2,E,0,1
41,2,F,0,1
41,3,A,0,0
41,3,B,0,0
41,3,C,0,0
41,3,D,0,0
41,3,E,0,0
41,3,F,0,0
41,4,A,0,0
41,4,B,0,0
41,4,C,0,0
41,4,D,0,0
41,4,E,0,0
41,4,F,0,0
41,5,A,0,0
41,5,B,0,0
41,5,C,0,0
41,5,D,0,0
41,5,E,0,0
41,5,F,0,0
41,6,A,0,0
41,6,B,0,0
41,6,C,0,0
41,6,D,0,0
41,6,E,0,0
41,6,F,0,0
41,7,A,0,0
41,7,B,0,0
41,7,C,0,0
41,7,D,0,0
41,7,E,0,0
41,7,F,0,0
41,8,A,0,0
41,8,B,0,0
41,8,C,0,0
41,8,D,0,0
41,8,E,0,0
41,8,F,0,0
41,9,A,0,0
41,9,B,0,0
41,9,C,0,0
41,9,D,0,0
41,9,E,0,0
41,9,F,0,0
41,10,A,0,0
41,10,B,0,0
41,10,C,0,0
41,10,D,0,0
41,10,E,0,0
41,10,F,0,0
41,11,A,0,0
41,11,B,0,0
41,11,C,0,0
41,11,D,0,0
41,11,E,0,0
41,11,F,0,0
41,12,A,0,0
41,12,B,0,0
41,12,C,0,0
41,12,D,0,0
41,12,E,0,0
41,12,F,0,0
41,13,A,0,0
41,13,B,0,0
41,13,C,0,0
41,13,D,0,0
41,13,E,0,0
41,13,F,0,0
41,14,A,0,0
41,14,B,0,0
41,14,C,0,0
41,14,D,0,0
41,14,E,0,0
41,14,F,0,0
41,15,A,0,0
41,15,B,0,0
41,15,C,0,0
41,15,D,0,0
41,15,E,0,0
41,15,F,0,0
41,16,A,0,0
41,16,B,0,0
41,16,C,0,0
41,16,D,0,0
41,16,E,0,0
41,16,F,0,0
41,17,A,0,0
41,17,B,0,0
41,17,C,0,0
41,17,D,0,0
41,17,E,0,0
41,17,F,0,0
42,1,A,0,1
42,1,B,0,1
42,1,C,0,1
42,1,D,0,1
42,1,E,0,1
42,1,F,0,1
42,2,A,0,1
42,2,B,0,1
42,2,C,0,1
42,2,D,0,1
42,2,E,0,1
42,2,F,0,1
42,3,A,0,0
42,3,B,0,0
42,3,C,0,0
42,3,D,0,0
42,3,E,0,0
42,3,F,0,0
42,4,A,0,0
42,4,B,0,0
42,4,C,0,0
42,4,D,0,0
42,4,E,0,0
42,4,F,0,0
42,5,A,0,0
42,5,B,0,0
42,5,C,0,0
42,5,D,0,0
42,5,E,0,0
42,5,F,0,0
42,6,A,0,0
42,6,B,0,0
42,6,C,0,0
42,6,D,0,0
42,6,E,0,0
42,6,F,0,0
42,7,A,0,0
42,7,B,0,0
42,7,C,0,0
42,7,D,0,0
42,7,E,0,0
42,7,F,0,0
42,8,A,0,0
42,8,B,0,0
42,8,C,0,0
42,8,D,0,0
42,8,E,0,0
42,8,F,0,0
42,9,A,0,0
42,9,B,0,0
42,9,C,0,0
42,9,D,0,0
42,9,E,0,0
42,9,F,0,0
42,10,A,0,0
42,10,B,0,0
42,10,C,0,0
42,10,D,0,0
42,10,E,0,0
42,10,F,0,0
42,11,A,0,0
42,11,B,0,0
42,11,C,0,0
42,11,D,0,0
42,11,E,0,0
42,11,F,0,0
42,12,A,0,0
42,12,B,0,0
42,12,C,0,0
42,12,D,0,0
42,12,E,0,0
42,12,F,0,0
42,13,A,0,0
42,13,B,0,0
42,13,C,0,0
42,13,D,0,0
42,13,E,0,0
42,13,F,0,0
42,14,A,0,0
42,14,B,0,0
42,14,C,0,0
42,14,D,0,0
42,14,E,0,0
42,14,F,0,0
42,15,A,0,0
42,15,B,0,0
42,15,C,0,0
42,15,D,0,0
42,15,E,0,0
42,15,F,0,0
42,16,A,0,0
42,16,B,0,0
42,16,C,0,0
42,16,D,0,0
42,16,E,0,0
42,16,F,0,0
43,1,A,0,1
43,1,B,0,1
43,1,C,0,1
43,1,D,0,1
43,1,E,0,1
43,1,F,0,1
43,2,A,0,1
43,2,B,0,1
43,2,C,0,1
43,2,D,0,1
43,2,E,0,1
43,2,F,0,1
43,3,A,0,0
43,3,B,0,0
43,3,C,0,0
43,3,D,0,0
43,3,E,0,0
43,3,F,0,0
43,4,A,0,0
43,4,B,0,0
43,4,C,0,0
43,4,D,0,0
43,4,E,0,0
43,4,F,0,0
43,5,A,0,0
43,5,B,0,0
43,5,C,0,0
43,5,D,0,0
43,5,E,0,0
43,5,F,0,0
43,6,A,0,0
43,6,B,0,0
43,6,C,0,0
43,6,D,0,0
43,6,E,0,0
43,6,F,0,0
43,7,A,0,0
43,7,B,0,0
43,7,C,0,0
43,7,D,0,0
43,7,E,0,0
43,7,F,0,0
43,8,A,0,0
43,8,B,0,0
43,8,C,0,0
43,8,D,0,0
43,8,E,0,0
43,8,F,0,0
44,1,A,0,1
44,1,B,0,1
44,1,C,0,1
44,1,D,0,1
44,1,E,0,1
44,1,F,0,1
44,2,A,0,1
44,2,B,0,1
44,2,C,0,1
44,2,D,0,1
44,2,E,0,1
44,2,F,0,1
44,3,A,0,0
44,3,B,0,0
44,3,C,0,0
44,3,D,0,0
44,3,E,0,0
44,3,F,0,0
44,4,A,0,0
44,4,B,0,0
44,4,C,0,0
44,4,D,0,0
44,4,E,0,0
44,4,F,0,0
44,5,A,0,0
44,5,B,0,0
44,5,C,0,0
44,5,D,0,0
44,5,E,0,0
44,5,F,0,0
44,6,A,0,0
44,6,B,0,0
44,6,C,0,0
44,6,D,0,0
44,6,E,0,0
44,6,F,0,0
44,7,A,0,0
44,7,B,0,0
44,7,C,0,0
44,7,D,0,0
44,7,E,0,0
44,7,F,0,0
45,1,A,0,1
45,1,B,0,1
45,1,C,0,1
45,1,D,0,1
45,1,E,0,1
45,1,F,0,1
45,2,A,0,1
45,2,B,0,1
45,2,C,0,1
45,2,D,0,1
45,2,E,0,1
45,2,F,0,1
45,3,A,0,0
45,3,B,0,0
45,3,C,0,0
45,3,D,0,0
45,3,E,0,0
45,3,F,0,0
45,4,A,0,0
45,4,B,0,0
45,4,C,0,0
45,4,D,0,0
45,4,E,0,0
45,4,F,0,0
45,5,A,0,0
45,5,B,0,0
45,5,C,0,0
45,5,D,0,0
45,5,E,0,0
45,5,F,0,0
46,1,A,0,1
46,1,B,0,1
46,1,C,0,1
46,1,D,0,1
46,1,E,0,1
46,1,F,0,1
46,2,A,0,1
46,2,B,0,1
46,2,C,0,1
46,2,D,0,1
46,2,E,0,1
46,2,F,0,1
46,3,A,0,0
46,3,B,0,0
46,3,C,0,0
46,3,D,0,0
46,3,E,0,0
46,3,F,0,0
46,4,A,0,0
46,4,B,0,0
46,4,C,0,0
46,4,D,0,0
46,4,E,0,0
46,4,F,0,0
46,5,A,0,0
46,5,B,0,0
46,5,C,0,0
46,5,D,0,0
46,5,E,0,0
46,5,F,0,0
46,6,A,0,0
46,6,B,0,0
46,6,C,0,0
46,6,D,0,0
46,6,E,0,0
46,6,F,0,0
47,1,A,0,1
47,1,B,0,1
47,1,C,0,1
47,1,D,0,1
47,1,E,0,1
47,1,F,0,1
47,2,A,0,1
47,2,B,0,1
47,2,C,0,1
47,2,D,0,1
47,2,E,0,1
47,2,F,0,1
47,3,A,0,0
47,3,B,0,0
47,3,C,0,0
47,3,D,0,0
47,3,E,0,0
47,3,F,0,0
47,4,A,0,0
47,4,B,0,0
47,4,C,0,0
47,4,D,0,0
47,4,E,0,0
47,4,F,0,0
47,5,A,0,0
47,5,B,0,0
47,5,C,0,0
47,5,D,0,0
47,5,E,0,0
47,5,F,0,0
47,6,A,0,0
47,6,B,0,0
47,6,C,0,0
47,6,D,0,0
47,6,E,0,0
47,6,F,0,0
47,7,A,0,0
47,7,B,0,0
47,7,C,0,0
47,7,D,0,0
47,7,E,0,0
47,7,F,0,0
48,1,A,0,1
48,1,B,0,1
48,1,C,0,1
48,1,D,0,1
48,1,E,0,1
48,1,F,0,1
48,2,A,0,1
48,2,B,0,1
48,2,C,0,1
48,2,D,0,1
48,2,E,0,1
48,2,F,0,1
48,3,A,0,0
48,3,B,0,0
48,3,C,0,0
48,3,D,0,0
48,3,E,0,0
48,3,F,0,0
48,4,A,0,0
48,4,B,0,0
48,4,C,0,0
48,4,D,0,0
48,4,E,0,0
48,4,F,0,0
48,5,A,0,0
48,5,B,0,0
48,5,C,0,0
48,5,D,0,0
48,5,E,0,0
48,5,F,0,0
48,6,A,0,0
48,6,B,0,0
48,6,C,0,0
48,6,D,0,0
48,6,E,0,0
48,6,F,0,0
48,7,A,0,0
48,7,B,0,0
48,7,C,0,0
48,7,D,0,0
48,7,E,0,0
48,7,F,0,0
48,8,A,0,0
48,8,B,0,0
48,8,C,0,0
48,8,D,0,0
48,8,E,0,0
48,8,F,0,0
48,9,A,0,0
48,9,B,0,0
48,9,C,0,0
48,9,D,0,0
48,9,E,0,0
48,9,F,0,0
48,10,A,0,0
48,10,B,0,0
48,10,C,0,0
48,10,D,0,0
48,10,E,0,0
48,10,F,0,0
48,11,A,0,0
48,11,B,0,0
48,11,C,0,0
48,11,D,0,0
48,11,E,0,0
48,11,F,0,0
48,12,A,0,0
48,12,B,0,0
48,12,C,0,0
48,12,D,0,0
48,12,E,0,0
48,12,F,0,0
49,1,A,0,1
49,1,B,0,1
49,1,C,0,1
49,1,D,0,1
49,1,E,0,1
49,1,F,0,1
49,2,A,0,1
49,2,B,0,1
49,2,C,0,1
49,2,D,0,1
49,2,E,0,1
49,2,F,0,1
49,3,A,0,0
49,3,B,0,0
49,3,C,0,0
49,3,D,0,0
49,3,E,0,0
49,3,F,0,0
49,4,A,0,0
49,4,B,0,0
49,4,C,0,0
49,4,D,0,0
49,4,E,0,0
49,4,F,0,0
49,5,A,0,0
49,5,B,0,0
49,5,C,0,0
49,5,D,0,0
49,5,E,0,0
49,5,F,0,0
49,6,A,0,0
49,6,B,0,0
49,6,C,0,0
49,6,D,0,0
49,6,E,0,0
49,6,F,0,0
49,7,A,0,0
49,7,B,0,0
49,7,C,0,0
49,7,D,0,0
49,7,E,0,0
49,7,F,0,0
50,1,A,0,1
50,1,B,0,1
50,1,C,0,1
50,1,D,0,1
50,1,E,0,1
50,1,F,0,1
50,2,A,0,1
50,2,B,0,1
50,2,C,0,1
50,2,D,0,1
50,2,E,0,1
50,2,F,0,1
50,3,A,0,0
50,3,B,0,0
50,3,C,0,0
50,3,D,0,0
50,3,E,0,0
50,3,F,0,0
50,4,A,0,0
50,4,B,0,0
50,4,C,0,0
50,4,D,0,0
50,4,E,0,0
50,4,F,0,0
50,5,A,0,0
50,5,B,0,0
50,5,C,0,0
50,5,D,0,0
50,5,E,0,0
50,5,F,0,0
50,6,A,0,0
50,6,B,0,0
50,6,C,0,0
50,6,D,0,0
50,6,E,0,0
50,6,F,0,0
50,7,A,0,0
50,7,B,0,0
50,7,C,0,0
50,7,D,0,0
50,7,E,0,0
50,7,F,0,0
50,8,A,0,0
50,8,B,0,0
50,8,C,0,0
50,8,D,0,0
50,8,E,0,0
50,8,F,0,0
51,1,A,0,1
51,1,B,0,1
51,1,C,0,1
51,1,D,0,1
51,1,E,0,1
51,1,F,0,1
51,2,A,0,1
51,2,B,0,1
51,2,C,0,1
51,2,D,0,1
51,2,E,0,1
51,2,F,0,1
51,3,A,0,0
51,3,B,0,0
51,3,C,0,0
51,3,D,0,0
51,3,E,0,0
51,3,F,0,0
51,4,A,0,0
51,4,B,0,0
51,4,C,0,0
51,4,D,0,0
51,4,E,0,0
51,4,F,0,0
51,5,A,0,0
51,5,B,0,0
51,5,C,0,0
51,5,D,0,0
51,5,E,0,0
51,5,F,0,0
51,6,A,0,0
51,6,B,0,0
51,6,C,0,0
51,6,D,0,0
51,6,E,0,0
51,6,F,0,0
51,7,A,0,0
51,7,B,0,0
51,7,C,0,0
51,7,D,0,0
51,7,E,0,0
51,7,F,0,0
51,8,A,0,0
51,8,B,0,0
51,8,C,0,0
51,8,D,0,0
51,8,E,0,0
51,8,F,0,0
51,9,A,0,0
51,9,B,0,0
51,9,C,0,0
51,9,D,0,0
51,9,E,0,0
51,9,F,0,0
51,10,A,0,0
51,10,B,0,0
51,10,C,0,0
51,10,D,0,0
51,10,E,0,0
51,10,F,0,0
51,11,A,0,0
51,11,B,0,0
51,11,C,0,0
51,11,D,0,0
51,11,E,0,0
51,11,F,0,0
51,12,A,0,0
51,12,B,0,0
51,12,C,0,0
51,12,D,0,0
51,12,E,0,0
51,12,F,0,0
51,13,A,0,0
51,13,B,0,0
51,13,C,0,0
51,13,D,0,0
51,13,E,0,0
51,13,F,0,0
51,14,A,0,0
51,14,B,0,0
51,14,C,0,0
51,14,D,0,0
51,14,E,0,0
51,14,F,0,0
51,15,A,0,0
51,15,B,0,0
51,15,C,0,0
51,15,D,0,0
51,15,E,0,0
51,15,F,0,0
51,16,A,0,0
51,16,B,0,0
51,16,C,0,0
51,16,D,0,0
51,16,E,0,0
51,16,F,0,0
51,17,A,0,0
51,17,B,0,0
51,17,C,0,0
51,17,D,0,0
51,17,E,0,0
51,17,F,0,0
52,1,A,0,1
52,1,B,0,1
52,1,C,0,1
52,1,D,0,1
52,1,E,0,1
52,1,F,0,1
52,2,A,0,1
52,2,B,0,1
52,2,C,0,1
52,2,D,0,1
52,2,E,0,1
52,2,F,0,1
52,3,A,0,0
52,3,B,0,0
52,3,C,0,0
52,3,D,0,0
52,3,E,0,0
52,3,F,0,0
52,4,A,0,0
52,4,B,0,0
52,4,C,0,0
52,4,D,0,0
52,4,E,0,0
52,4,F,0,0
52,5,A,0,0
52,5,B,0,0
52,5,C,0,0
52,5,D,0,0
52,5,E,0,0
52,5,F,0,0
53,1,A,0,1
53,1,B,0,1
53,1,C,0,1
53,1,D,0,1
53,1,E,0,1
53,1,F,0,1
53,2,A,0,1
53,2,B,0,1
53,2,C,0,1
53,2,D,0,1
53,2,E,0,1
53,2,F,0,1
53,3,A,0,0
53,3,B,0,0
53,3,C,0,0
53,3,D,0,0
53,3,E,0,0
53,3,F,0,0
53,4,A,0,0
53,4,B,0,0
53,4,C,0,0
53,4,D,0,0
53,4,E,0,0
53,4,F,0,0
53,5,A,0,0
53,5,B,0,0
53,5,C,0,0
53,5,D,0,0
53,5,E,0,0
53,5,F,0,0
53,6,A,0,0
53,6,B,0,0
53,6,C,0,0
53,6,D,0,0
53,6,E,0,0
53,6,F,0,0
53,7,A,0,0
53,7,B,0,0
53,7,C,0,0
53,7,D,0,0
53,7,E,0,0
53,7,F,0,0
54,1,A,0,1
54,1,B,0,1
54,1,C,0,1
54,1,D,0,1
54,1,E,0,1
54,1,F,0,1
54,2,A,0,1
54,2,B,0,1
54,2,C,0,1
54,2,D,0,1
54,2,E,0,1
54,2,F,0,1
54,3,A,0,0
54,3,B,0,0
54,3,C,0,0
54,3,D,0,0
54,3,E,0,0
54,3,F,0,0
54,4,A,0,0
54,4,B,0,0
54,4,C,0,0
54,4,D,0,0
54,4,E,0,0
54,4,F,0,0
54,5,A,0,0
54,5,B,0,0
54,5,C,0,0
54,5,D,0,0
54,5,E,0,0
54,5,F,0,0
54,6,A,0,0
54,6,B,0,0
54,6,C,0,0
54,6,D,0,0
54,6,E,0,0
54,6,F,0,0
55,1,A,0,1
55,1,B,0,1
55,1,C,0,1
55,1,D,0,1
55,1,E,0,1
55,1,F,0,1
55,2,A,0,1
55,2,B,0,1
55,2,C,0,1
55,2,D,0,1
55,2,E,0,1
55,2,F,0,1
55,3,A,0,0
55,3,B,0,0
55,3,C,0,0
55,3,D,0,0
55,3,E,0,0
55,3,F,0,0
55,4,A,0,0
55,4,B,0,0
55,4,C,0,0
55,4,D,0,0
55,4,E,0,0
55,4,F,0,0
55,5,A,0,0
55,5,B,0,0
55,5,C,0,0
55,5,D,0,0
55,5,E,0,0
55,5,F,0,0
55,6,A,0,0
55,6,B,0,0
55,6,C,0,0
55,6,D,0,0
55,6,E,0,0
55,6,F,0,0
55,7,A,0,0
55,7,B,0,0
55,7,C,0,0
55,7,D,0,0
55,7,E,0,0
55,7,F,0,0
55,8,A,0,0
55,8,B,0,0
55,8,C,0,0
55,8,D,0,0
55,8,E,0,0
55,8,F,0,0
55,9,A,0,0
55,9,B,0,0
55,9,C,0,0
55,9,D,0,0
55,9,E,0,0
55,9,F,0,0
55,10,A,0,0
55,10,B,0,0
55,10,C,0,0
55,10,D,0,0
55,10,E,0,0
55,10,F,0,0
56,1,A,0,1
56,1,B,0,1
56,1,C,0,1
56,1,D,0,1
56,1,E,0,1
56,1,F,0,1
56,2,A,0,1
56,2,B,0,1
56,2,C,0,1
56,2,D,0,1
56,2,E,0,1
56,2,F,0,1
56,3,A,0,0
56,3,B,0,0
56,3,C,0,0
56,3,D,0,0
56,3,E,0,0
56,3,F,0,0
56,4,A,0,0
56,4,B,0,0
56,4,C,0,0
56,4,D,0,0
56,4,E,0,0
56,4,F,0,0
56,5,A,0,0
56,5,B,0,0
56,5,C,0,0
56,5,D,0,0
56,5,E,0,0
56,5,F,0,0
56,6,A,0,0
56,6,B,0,0
56,6,C,0,0
56,6,D,0,0
56,6,E,0,0
56,6,F,0,0
56,7,A,0,0
56,7,B,0,0
56,7,C,0,0
56,7,D,0,0
56,7,E,0,0
56,7,F,0,0
56,8,A,0,0
56,8,B,0,0
56,8,C,0,0
56,8,D,0,0
56,8,E,0,0
56,8,F,0,0
56,9,A,0,0
56,9,B,0,0
56,9,C,0,0
56,9,D,0,0
56,9,E,0,0
56,9,F,0,0
56,10,A,0,0
56,10,B,0,0
56,10,C,0,0
56,10,D,0,0
56,10,E,0,0
56,10,F,0,0
57,1,A,0,1
57,1,B,0,1
57,1,C,0,1
57,1,D,0,1
57,1,E,0,1
57,1,F,0,1
57,2,A,0,1
57,2,B,0,1
57,2,C,0,1
57,2,D,0,1
57,2,E,0,1
57,2,F,0,1
57,3,A,0,0
57,3,B,0,0
57,3,C,0,0
57,3,D,0,0
57,3,E,0,0
57,3,F,0,0
57,4,A,0,0
57,4,B,0,0
57,4,C,0,0
57,4,D,0,0
57,4,E,0,0
57,4,F,0,0
57,5,A,0,0
57,5,B,0,0
57,5,C,0,0
57,5,D,0,0
57,5,E,0,0
57,5,F,0,0
58,1,A,0,1
58,1,B,0,1
58,1,C,0,1
58,1,D,0,1
58,1,E,0,1
58,1,F,0,1
58,2,A,0,1
58,2,B,0,1
58,2,C,0,1
58,2,D,0,1
58,2,E,0,1
58,2,F,0,1
58,3,A,0,0
58,3,B,0,0
58,3,C,0,0
58,3,D,0,0
58,3,E,0,0
58,3,F,0,0
58,4,A,0,0
58,4,B,0,0
58,4,C,0,0
58,4,D,0,0
58,4,E,0,0
58,4,F,0,0
58,5,A,0,0
58,5,B,0,0
58,5,C,0,0
58,5,D,0,0
58,5,E,0,0
58,5,F,0,0
58,6,A,0,0
58,6,B,0,0
58,6,C,0,0
58,6,D,0,0
58,6,E,0,0
58,6,F,0,0
58,7,A,0,0
58,7,B,0,0
58,7,C,0,0
58,7,D,0,0
58,7,E,0,0
58,7,F,0,0
58,8,A,0,0
58,8,B,0,0
58,8,C,0,0
58,8,D,0,0
58,8,E,0,0
58,8,F,0,0
58,9,A,0,0
58,9,B,0,0
58,9,C,0,0
58,9,D,0,0
58,9,E,0,0
58,9,F,0,0
59,1,A,0,1
59,1,B,0,1
59,1,C,0,1
59,1,D,0,1
59,1,E,0,1
59,1,F,0,1
59,2,A,0,1
59,2,B,0,1
59,2,C,0,1
59,2,D,0,1
59,2,E,0,1
59,2,F,0,1
59,3,A,0,0
59,3,B,0,0
59,3,C,0,0
59,3,D,0,0
59,3,E,0,0
59,3,F,0,0
59,4,A,0,0
59,4,B,0,0
59,4,C,0,0
59,4,D,0,0
59,4,E,0,0
59,4,F,0,0
59,5,A,0,0
59,5,B,0,0
59,5,C,0,0
59,5,D,0,0
59,5,E,0,0
59,5,F,0,0
59,6,A,0,0
59,6,B,0,0
59,6,C,0,0
59,6,D,0,0
59,6,E,0,0
59,6,F,0,0
59,7,A,0,0
59,7,B,0,0
59,7,C,0,0
59,7,D,0,0
59,7,E,0,0
59,7,F,0,0
59,8,A,0,0
59,8,B,0,0
59,8,C,0,0
59,8,D,0,0
59,8,E,0,0
59,8,F,0,0
59,9,A,0,0
59,9,B,0,0
59,9,C,0,0
59,9,D,0,0
59,9,E,0,0
59,9,F,0,0
59,10,A,0,0
59,10,B,0,0
59,10,C,0,0
59,10,D,0,0
59,10,E,0,0
59,10,F,0,0
59,11,A,0,0
59,11,B,0,0
59,11,C,0,0
59,11,D,0,0
59,11,E,0,0
59,11,F,0,0
59,12,A,0,0
59,12,B,0,0
59,12,C,0,0
59,12,D,0,0
59,12,E,0,0
59,12,F,0,0
59,13,A,0,0
59,13,B,0,0
59,13,C,0,0
59,13,D,0,0
59,13,E,0,0
59,13,F,0,0
59,14,A,0,0
59,14,B,0,0
59,14,C,0,0
59,14,D,0,0
59,14,E,0,0
59,14,F,0,0
59,15,A,0,0
59,15,B,0,0
59,15,C,0,0
59,15,D,0,0
59,15,E,0,0
59,15,F,0,0
59,16,A,0,0
59,16,B,0,0
59,16,C,0,0
59,16,D,0,0
59,16,E,0,0
59,16,F,0,0
59,17,A,0,0
59,17,B,0,0
59,17,C,0,0
59,17,D,0,0
59,17,E,0,0
59,17,F,0,0
59,18,A,0,0
59,18,B,0,0
59,18,C,0,0
59,18,D,0,0
59,18,E,0,0
59,18,F,0,0
60,1,A,0,1
60,1,B,0,1
60,1,C,0,1
60,1,D,0,1
60,1,E,0,1
60,1,F,0,1
60,2,A,0,1
60,2,B,0,1
60,2,C,0,1
60,2,D,0,1
60,2,E,0,1
60,2,F,0,1
60,3,A,0,0
60,3,B,0,0
60,3,C,0,0
60,3,D,0,0
60,3,E,0,0
60,3,F,0,0
60,4,A,0,0
60,4,B,0,0
60,4,C,0,0
60,4,D,0,0
60,4,E,0,0
60,4,F,0,0
60,5,A,0,0
60,5,B,0,0
60,5,C,0,0
60,5,D,0,0
60,5,E,0,0
60,5,F,0,0
60,6,A,0,0
60,6,B,0,0
60,6,C,0,0
60,6,D,0,0
60,6,E,0,0
60,6,F,0,0
60,7,A,0,0
60,7,B,0,0
60,7,C,0,0
60,7,D,0,0
60,7,E,0,0
60,7,F,0,0
60,8,A,0,0
60,8,B,0,0
60,8,C,0,0
60,8,D,0,0
60,8,E,0,0
60,8,F,0,0
60,9,A,0,0
60,9,B,0,0
60,9,C,0,0
60,9,D,0,0
60,9,E,0,0
60,9,F,0,0
60,10,A,0,0
60,10,B,0,0
60,10,C,0,0
60,10,D,0,0
60,10,E,0,0
60,10,F,0,0
60,11,A,0,0
60,11,B,0,0
60,11,C,0,0
60,11,D,0,0
60,11,E,0,0
60,11,F,0,0
60,12,A,0,0
60,12,B,0,0
60,12,C,0,0
60,12,D,0,0
60,12,E,0,0
60,12,F,0,0
60,13,A,0,0
60,13,B,0,0
60,13,C,0,0
60,13,D,0,0
60,13,E,0,0
60,13,F,0,0
60,14,A,0,0
60,14,B,0,0
60,14,C,0,0
60,14,D,0,0
60,14,E,0,0
60,14,F,0,0
60,15,A,0,0
60,15,B,0,0
60,15,C,0,0
60,15,D,0,0
60,15,E,0,0
60,15,F,0,0
60,16,A,0,0
60,16,B,0,0
60,16,C,0,0
60,16,D,0,0
60,16,E,0,0
60,16,F,0,0
60,17,A,0,0
60,17,B,0,0
60,17,C,0,0
60,17,D,0,0
60,17,E,0,0
60,17,F,0,0
61,1,A,0,1
61,1,B,0,1
61,1,C,0,1
61,1,D,0,1
61,1,E,0,1
61,1,F,0,1
61,2,A,0,1
61,2,B,0,1
61,2,C,0,1
61,2,D,0,1
61,2,E,0,1
61,2,F,0,1
61,3,A,0,0
61,3,B,0,0
61,3,C,0,0
61,3,D,0,0
61,3,E,0,0
61,3,F,0,0
61,4,A,0,0
61,4,B,0,0
61,4,C,0,0
61,4,D,0,0
61,4,E,0,0
61,4,F,0,0
61,5,A,0,0
61,5,B,0,0
61,5,C,0,0
61,5,D,0,0
61,5,E,0,0
61,5,F,0,0
61,6,A,0,0
61,6,B,0,0
61,6,C,0,0
61,6,D,0,0
61,6,E,0,0
61,6,F,0,0
61,7,A,0,0
61,7,B,0,0
61,7,C,0,0
61,7,D,0,0
61,7,E,0,0
61,7,F,0,0
61,8,A,0,0
61,8,B,0,0
61,8,C,0,0
61,8,D,0,0
61,8,E,0,0
61,8,F,0,0
61,9,A,0,0
61,9,B,0,0
61,9,C,0,0
61,9,D,0,0
61,9,E,0,0
61,9,F,0,0
61,10,A,0,0
61,10,B,0,0
61,10,C,0,0
61,10,D,0,0
61,10,E,0,0
61,10,F,0,0
61,11,A,0,0
61,11,B,0,0
61,11,C,0,0
61,11,D,0,0
61,11,E,0,0
61,11,F,0,0
61,12,A,0,0
61,12,B,0,0
61,12,C,0,0
61,12,D,0,0
61,12,E,0,0
61,12,F,0,0
61,13,A,0,0
61,13,B,0,0
61,13,C,0,0
61,13,D,0,0
61,13,E,0,0
61,13,F,0,0
61,14,A,0,0
61,14,B,0,0
61,14,C,0,0
61,14,D,0,0
61,14,E,0,0
61,14,F,0,0
61,15,A,0,0
61,15,B,0,0
61,15,C,0,0
61,15,D,0,0
61,15,E,0,0
61,15,F,0,0
61,16,A,0,0
61,16,B,0,0
61,16,C,0,0
61,16,D,0,0
61,16,E,0,0
61,16,F,0,0
61,17,A,0,0
61,17,B,0,0
61,17,C,0,0
61,17,D,0,0
61,17,E,0,0
61,17,F,0,0
61,18,A,0,0
61,18,B,0,0
61,18,C,0,0
61,18,D,0,0
61,18,E,0,0
61,18,F,0,0
61,19,A,0,0
61,19,B,0,0
61,19,C,0,0
61,19,D,0,0
61,19,E,0,0
61,19,F,0,0
62,1,A,0,1
62,1,B,0,1
62,1,C,0,1
62,1,D,0,1
62,1,E,0,1
62,1,F,0,1
62,2,A,0,1
62,2,B,0,1
62,2,C,0,1
62,2,D,0,1
62,2,E,0,1
62,2,F,0,1
62,3,A,0,0
62,3,B,0,0
62,3,C,0,0
62,3,D,0,0
62,3,E,0,0
62,3,F,0,0
62,4,A,0,0
62,4,B,0,0
62,4,C,0,0
62,4,D,0,0
62,4,E,0,0
62,4,F,0,0
62,5,A,0,0
62,5,B,0,0
62,5,C,0,0
62,5,D,0,0
62,5,E,0,0
62,5,F,0,0
62,6,A,0,0
62,6,B,0,0
62,6,C,0,0
62,6,D,0,0
62,6,E,0,0
62,6,F,0,0
62,7,A,0,0
62,7,B,0,0
62,7,C,0,0
62,7,D,0,0
62,7,E,0,0
62,7,F,0,0
62,8,A,0,0
62,8,B,0,0
62,8,C,0,0
62,8,D,0,0
62,8,E,0,0
62,8,F,0,0
62,9,A,0,0
62,9,B,0,0
62,9,C,0,0
62,9,D,0,0
62,9,E,0,0
62,9,F,0,0
63,1,A,0,1
63,1,B,0,1
63,1,C,0,1
63,1,D,0,1
63,1,E,0,1
63,1,F,0,1
63,2,A,0,1
63,2,B,0,1
63,2,C,0,1
63,2,D,0,1
63,2,E,0,1
63,2,F,0,1
63,3,A,0,0
63,3,B,0,0
63,3,C,0,0
63,3,D,0,0
63,3,E,0,0
63,3,F,0,0
63,4,A,0,0
63,4,B,0,0
63,4,C,0,0
63,4,D,0,0
63,4,E,0,0
63,4,F,0,0
63,5,A,0,0
63,5,B,0,0
63,5,C,0,0
63,5,D,0,0
63,5,E,0,0
63,5,F,0,0
63,6,A,0,0
63,6,B,0,0
63,6,C,0,0
63,6,D,0,0
63,6,E,0,0
63,6,F,0,0
63,7,A,0,0
63,7,B,0,0
63,7,C,0,0
63,7,D,0,0
63,7,E,0,0
63,7,F,0,0
63,8,A,0,0
63,8,B,0,0
63,8,C,0,0
63,8,D,0,0
63,8,E,0,0
63,8,F,0,0
63,9,A,0,0
63,9,B,0,0
63,9,C,0,0
63,9,D,0,0
63,9,E,0,0
63,9,F,0,0
63,10,A,0,0
63,10,B,0,0
63,10,C,0,0
63,10,D,0,0
63,10,E,0,0
63,10,F,0,0
63,11,A,0,0
63,11,B,0,0
63,11,C,0,0
63,11,D,0,0
63,11,E,0,0
63,11,F,0,0
63,12,A,0,0
63,12,B,0,0
63,12,C,0,0
63,12,D,0,0
63,12,E,0,0
63,12,F,0,0
63,13,A,0,0
63,13,B,0,0
63,13,C,0,0
63,13,D,0,0
63,13,E,0,0
63,13,F,0,0
63,14,A,0,0
63,14,B,0,0
63,14,C,0,0
63,14,D,0,0
63,14,E,0,0
63,14,F,0,0
63,15,A,0,0
63,15,B,0,0
63,15,C,0,0
63,15,D,0,0
63,15,E,0,0
63,15,F,0,0
63,16,A,0,0
63,16,B,0,0
63,16,C,0,0
63,16,D,0,0
63,16,E,0,0
63,16,F,0,0
63,17,A,0,0
63,17,B,0,0
63,17,C,0,0
63,17,D,0,0
63,17,E,0,0
63,17,F,0,0
63,18,A,0,0
63,18,B,0,0
63,18,C,0,0
63,18,D,0,0
63,18,E,0,0
63,18,F,0,0
63,19,A,0,0
63,19,B,0,0
63,19,C,0,0
63,19,D,0,0
63,19,E,0,0
63,19,F,0,0
64,1,A,0,1
64,1,B,0,1
64,1,C,0,1
64,1,D,0,1
64,1,E,0,1
64,1,F,0,1
64,2,A,0,1
64,2,B,0,1
64,2,C,0,1
64,2,D,0,1
64,2,E,0,1
64,2,F,0,1
64,3,A,0,0
64,3,B,0,0
64,3,C,0,0
64,3,D,0,0
64,3,E,0,0
64,3,F,0,0
64,4,A,0,0
64,4,B,0,0
64,4,C,0,0
64,4,D,0,0
64,4,E,0,0
64,4,F,0,0
64,5,A,0,0
64,5,B,0,0
64,5,C,0,0
64,5,D,0,0
64,5,E,0,0
64,5,F,0,0
64,6,A,0,0
64,6,B,0,0
64,6,C,0,0
64,6,D,0,0
64,6,E,0,0
64,6,F,0,0
64,7,A,0,0
64,7,B,0,0
64,7,C,0,0
64,7,D,0,0
64,7,E,0,0
64,7,F,0,0
64,8,A,0,0
64,8,B,0,0
64,8,C,0,0
64,8,D,0,0
64,8,E,0,0
64,8,F,0,0
64,9,A,0,0
64,9,B,0,0
64,9,C,0,0
64,9,D,0,0
64,9,E,0,0
64,9,F,0,0
64,10,A,0,0
64,10,B,0,0
64,10,C,0,0
64,10,D,0,0
64,10,E,0,0
64,10,F,0,0
64,11,A,0,0
64,11,B,0,0
64,11,C,0,0
64,11,D,0,0
64,11,E,0,0
64,11,F,0,0
64,12,A,0,0
64,12,B,0,0
64,12,C,0,0
64,12,D,0,0
64,12,E,0,0
64,12,F,0,0
64,13,A,0,0
64,13,B,0,0
64,13,C,0,0
64,13,D,0,0
64,13,E,0,0
64,13,F,0,0
64,14,A,0,0
64,14,B,0,0
64,14,C,0,0
64,14,D,0,0
64,14,E,0,0
64,14,F,0,0
64,15,A,0,0
64,15,B,0,0
64,15,C,0,0
64,15,D,0,0
64,15,E,0,0
64,15,F,0,0
64,16,A,0,0
64,16,B,0,0
64,16,C,0,0
64,16,D,0,0
64,16,E,0,0
64,16,F,0,0
64,17,A,0,0
64,17,B,0,0
64,17,C,0,0
64,17,D,0,0
64,17,E,0,0
64,17,F,0,0
64,18,A,0,0
64,18,B,0,0
64,18,C,0,0
64,18,D,0,0
64,18,E,0,0
64,18,F,0,0
64,19,A,0,0
64,19,B,0,0
64,19,C,0,0
64,19,D,0,0
64,19,E,0,0
64,19,F,0,0
65,1,A,0,1
65,1,B,0,1
65,1,C,0,1
65,1,D,0,1
65,1,E,0,1
65,1,F,0,1
65,2,A,0,1
65,2,B,0,1
65,2,C,0,1
65,2,D,0,1
65,2,E,0,1
65,2,F,0,1
65,3,A,0,0
65,3,B,0,0
65,3,C,0,0
65,3,D,0,0
65,3,E,0,0
65,3,F,0,0
65,4,A,0,0
65,4,B,0,0
65,4,C,0,0
65,4,D,0,0
65,4,E,0,0
65,4,F,0,0
65,5,A,0,0
65,5,B,0,0
65,5,C,0,0
65,5,D,0,0
65,5,E,0,0
65,5,F,0,0
65,6,A,0,0
65,6,B,0,0
65,6,C,0,0
65,6,D,0,0
65,6,E,0,0
65,6,F,0,0
65,7,A,0,0
65,7,B,0,0
65,7,C,0,0
65,7,D,0,0
65,7,E,0,0
65,7,F,0,0
65,8,A,0,0
65,8,B,0,0
65,8,C,0,0
65,8,D,0,0
65,8,E,0,0
65,8,F,0,0
65,9,A,0,0
65,9,B,0,0
65,9,C,0,0
65,9,D,0,0
65,9,E,0,0
65,9,F,0,0
65,10,A,0,0
65,10,B,0,0
65,10,C,0,0
65,10,D,0,0
65,10,E,0,0
65,10,F,0,0
66,1,A,0,1
66,1,B,0,1
66,1,C,0,1
66,1,D,0,1
66,1,E,0,1
66,1,F,0,1
66,2,A,0,1
66,2,B,0,1
66,2,C,0,1
66,2,D,0,1
66,2,E,0,1
66,2,F,0,1
66,3,A,0,0
66,3,B,0,0
66,3,C,0,0
66,3,D,0,0
66,3,E,0,0
66,3,F,0,0
66,4,A,0,0
66,4,B,0,0
66,4,C,0,0
66,4,D,0,0
66,4,E,0,0
66,4,F,0,0
66,5,A,0,0
66,5,B,0,0
66,5,C,0,0
66,5,D,0,0
66,5,E,0,0
66,5,F,0,0
66,6,A,0,0
66,6,B,0,0
66,6,C,0,0
66,6,D,0,0
66,6,E,0,0
66,6,F,0,0
67,1,A,0,1
67,1,B,0,1
67,1,C,0,1
67,1,D,0,1
67,1,E,0,1
67,1,F,0,1
67,2,A,0,1
67,2,B,0,1
67,2,C,0,1
67,2,D,0,1
67,2,E,0,1
67,2,F,0,1
67,3,A,0,0
67,3,B,0,0
67,3,C,0,0
67,3,D,0,0
67,3,E,0,0
67,3,F,0,0
67,4,A,0,0
67,4,B,0,0
67,4,C,0,0
67,4,D,0,0
67,4,E,0,0
67,4,F,0,0
67,5,A,0,0
67,5,B,0,0
67,5,C,0,0
67,5,D,0,0
67,5,E,0,0
67,5,F,0,0
67,6,A,0,0
67,6,B,0,0
67,6,C,0,0
67,6,D,0,0
67,6,E,0,0
67,6,F,0,0
68,1,A,0,1
68,1,B,0,1
68,1,C,0,1
68,1,D,0,1
68,1,E,0,1
68,1,F,0,1
68,2,A,0,1
68,2,B,0,1
68,2,C,0,1
68,2,D,0,1
68,2,E,0,1
68,2,F,0,1
68,3,A,0,0
68,3,B,0,0
68,3,C,0,0
68,3,D,0,0
68,3,E,0,0
68,3,F,0,0
68,4,A,0,0
68,4,B,0,0
68,4,C,0,0
68,4,D,0,0
68,4,E,0,0
68,4,F,0,0
68,5,A,0,0
68,5,B,0,0
68,5,C,0,0
68,5,D,0,0
68,5,E,0,0
68,5,F,0,0
68,6,A,0,0
68,6,B,0,0
68,6,C,0,0
68,6,D,0,0
68,6,E,0,0
68,6,F,0,0
68,7,A,0,0
68,7,B,0,0
68,7,C,0,0
68,7,D,0,0
68,7,E,0,0
68,7,F,0,0
68,8,A,0,0
68,8,B,0,0
68,8,C,0,0
68,8,D,0,0
68,8,E,0,0
68,8,F,0,0
69,1,A,0,1
69,1,B,0,1
69,1,C,0,1
69,1,D,0,1
69,1,E,0,1
69,1,F,0,1
69,2,A,0,1
69,2,B,0,1
69,2,C,0,1
69,2,D,0,1
69,2,E,0,1
69,2,F,0,1
69,3,A,0,0
69,3,B,0,0
69,3,C,0,0
69,3,D,0,0
69,3,E,0,0
69,3,F,0,0
69,4,A,0,0
69,4,B,0,0
69,4,C,0,0
69,4,D,0,0
69,4,E,0,0
69,4,F,0,0
69,5,A,0,0
69,5,B,0,0
69,5,C,0,0
69,5,D,0,0
69,5,E,0,0
69,5,F,0,0
69,6,A,0,0
69,6,B,0,0
69,6,C,0,0
69,6,D,0,0
69,6,E,0,0
69,6,F,0,0
69,7,A,0,0
69,7,B,0,0
69,7,C,0,0
69,7,D,0,0
69,7,E,0,0
69,7,F,0,0
69,8,A,0,0
69,8,B,0,0
69,8,C,0,0
69,8,D,0,0
69,8,E,0,0
69,8,F,0,0
69,9,A,0,0
69,9,B,0,0
69,9,C,0,0
69,9,D,0,0
69,9,E,0,0
69,9,F,0,0
69,10,A,0,0
69,10,B,0,0
69,10,C,0,0
69,10,D,0,0
69,10,E,0,0
69,10,F,0,0
70,1,A,0,1
70,1,B,0,1
70,1,C,0,1
70,1,D,0,1
70,1,E,0,1
70,1,F,0,1
70,2,A,0,1
70,2,B,0,1
70,2,C,0,1
70,2,D,0,1
70,2,E,0,1
70,2,F,0,1
70,3,A,0,0
70,3,B,0,0
70,3,C,0,0
70,3,D,0,0
70,3,E,0,0
70,3,F,0,0
70,4,A,0,0
70,4,B,0,0
70,4,C,0,0
70,4,D,0,0
70,4,E,0,0
70,4,F,0,0
70,5,A,0,0
70,5,B,0,0
70,5,C,0,0
70,5,D,0,0
70,5,E,0,0
70,5,F,0,0
70,6,A,0,0
70,6,B,0,0
70,6,C,0,0
70,6,D,0,0
70,6,E,0,0
70,6,F,0,0
70,7,A,0,0
70,7,B,0,0
70,7,C,0,0
70,7,D,0,0
70,7,E,0,0
70,7,F,0,0
70,8,A,0,0
70,8,B,0,0
70,8,C,0,0
70,8,D,0,0
70,8,E,0,0
70,8,F,0,0
70,9,A,0,0
70,9,B,0,0
70,9,C,0,0
70,9,D,0,0
70,9,E,0,0
70,9,F,0,0
70,10,A,0,0
70,10,B,0,0
70,10,C,0,0
70,10,D,0,0
70,10,E,0,0
70,10,F,0,0
70,11,A,0,0
70,11,B,0,0
70,11,C,0,0
70,11,D,0,0
70,11,E,0,0
70,11,F,0,0
70,12,A,0,0
70,12,B,0,0
70,12,C,0,0
70,12,D,0,0
70,12,E,0,0
70,12,F,0,0
70,13,A,0,0
70,13,B,0,0
70,13,C,0,0
70,13,D,0,0
70,13,E,0,0
70,13,F,0,0
70,14,A,0,0
70,14,B,0,0
70,14,C,0,0
70,14,D,0,0
70,14,E,0,0
70,14,F,0,0
70,15,A,0,0
70,15,B,0,0
70,15,C,0,0
70,15,D,0,0
70,15,E,0,0
70,15,F,0,0
70,16,A,0,0
70,16,B,0,0
70,16,C,0,0
70,16,D,0,0
70,16,E,0,0
70,16,F,0,0
70,17,A,0,0
70,17,B,0,0
70,17,C,0,0
70,17,D,0,0
70,17,E,0,0
70,17,F,0,0
70,18,A,0,0
70,18,B,0,0
70,18,C,0,0
70,18,D,0,0
70,18,E,0,0
70,18,F,0,0
71,1,A,0,1
71,1,B,0,1
71,1,C,0,1
71,1,D,0,1
71,1,E,0,1
71,1,F,0,1
71,2,A,0,1
71,2,B,0,1
71,2,C,0,1
71,2,D,0,1
71,2,E,0,1
71,2,F,0,1
71,3,A,0,0
71,3,B,0,0
71,3,C,0,0
71,3,D,0,0
71,3,E,0,0
71,3,F,0,0
71,4,A,0,0
71,4,B,0,0
71,4,C,0,0
71,4,D,0,0
71,4,E,0,0
71,4,F,0,0
71,5,A,0,0
71,5,B,0,0
71,5,C,0,0
71,5,D,0,0
71,5,E,0,0
71,5,F,0,0
71,6,A,0,0
71,6,B,0,0
71,6,C,0,0
71,6,D,0,0
71,6,E,0,0
71,6,F,0,0
71,7,A,0,0
71,7,B,0,0
71,7,C,0,0
71,7,D,0,0
71,7,E,0,0
71,7,F,0,0
71,8,A,0,0
71,8,B,0,0
71,8,C,0,0
71,8,D,0,0
71,8,E,0,0
71,8,F,0,0
71,9,A,0,0
71,9,B,0,0
71,9,C,0,0
71,9,D,0,0
71,9,E,0,0
71,9,F,0,0
71,10,A,0,0
71,10,B,0,0
71,10,C,0,0
71,10,D,0,0
71,10,E,0,0
71,10,F,0,0
71,11,A,0,0
71,11,B,0,0
71,11,C,0,0
71,11,D,0,0
71,11,E,0,0
71,11,F,0,0
71,12,A,0,0
71,12,B,0,0
71,12,C,0,0
71,12,D,0,0
71,12,E,0,0
71,12,F,0,0
71,13,A,0,0
71,13,B,0,0
71,13,C,0,0
71,13,D,0,0
71,13,E,0,0
71,13,F,0,0
71,14,A,0,0
71,14,B,0,0
71,14,C,0,0
71,14,D,0,0
71,14,E,0,0
71,14,F,0,0
71,15,A,0,0
71,15,B,0,0
71,15,C,0,0
71,15,D,0,0
71,15,E,0,0
71,15,F,0,0
71,16,A,0,0
71,16,B,0,0
71,16,C,0,0
71,16,D,0,0
71,16,E,0,0
71,16,F,0,0
71,17,A,0,0
71,17,B,0,0
71,17,C,0,0
71,17,D,0,0
71,17,E,0,0
71,17,F,0,0
71,18,A,0,0
71,18,B,0,0
71,18,C,0,0
71,18,D,0,0
71,18,E,0,0
71,18,F,0,0
72,1,A,0,1
72,1,B,0,1
72,1,C,0,1
72,1,D,0,1
72,1,E,0,1
72,1,F,0,1
72,2,A,0,1
72,2,B,0,1
72,2,C,0,1
72,2,D,0,1
72,2,E,0,1
72,2,F,0,1
72,3,A,0,0
72,3,B,0,0
72,3,C,0,0
72,3,D,0,0
72,3,E,0,0
72,3,F,0,0
72,4,A,0,0
72,4,B,0,0
72,4,C,0,0
72,4,D,0,0
72,4,E,0,0
72,4,F,0,0
72,5,A,0,0
72,5,B,0,0
72,5,C,0,0
72,5,D,0,0
72,5,E,0,0
72,5,F,0,0
72,6,A,0,0
72,6,B,0,0
72,6,C,0,0
72,6,D,0,0
72,6,E,0,0
72,6,F,0,0
72,7,A,0,0
72,7,B,0,0
72,7,C,0,0
72,7,D,0,0
72,7,E,0,0
72,7,F,0,0
72,8,A,0,0
72,8,B,0,0
72,8,C,0,0
72,8,D,0,0
72,8,E,0,0
72,8,F,0,0
72,9,A,0,0
72,9,B,0,0
72,9,C,0,0
72,9,D,0,0
72,9,E,0,0
72,9,F,0,0
72,10,A,0,0
72,10,B,0,0
72,10,C,0,0
72,10,D,0,0
72,10,E,0,0
72,10,F,0,0
72,11,A,0,0
72,11,B,0,0
72,11,C,0,0
72,11,D,0,0
72,11,E,0,0
72,11,F,0,0
73,1,A,0,1
73,1,B,0,1
73,1,C,0,1
73,1,D,0,1
73,1,E,0,1
73,1,F,0,1
73,2,A,0,1
73,2,B,0,1
73,2,C,0,1
73,2,D,0,1
73,2,E,0,1
73,2,F,0,1
73,3,A,0,0
73,3,B,0,0
73,3,C,0,0
73,3,D,0,0
73,3,E,0,0
73,3,F,0,0
73,4,A,0,0
73,4,B,0,0
73,4,C,0,0
73,4,D,0,0
73,4,E,0,0
73,4,F,0,0
73,5,A,0,0
73,5,B,0,0
73,5,C,0,0
73,5,D,0,0
73,5,E,0,0
73,5,F,0,0
73,6,A,0,0
73,6,B,0,0
73,6,C,0,0
73,6,D,0,0
73,6,E,0,0
73,6,F,0,0
74,1,A,0,1
74,1,B,0,1
74,1,C,0,1
74,1,D,0,1
74,1,E,0,1
74,1,F,0,1
74,2,A,0,1
74,2,B,0,1
74,2,C,0,1
74,2,D,0,1
74,2,E,0,1
74,2,F,0,1
74,3,A,0,0
74,3,B,0,0
74,3,C,0,0
74,3,D,0,0
74,3,E,0,0
74,3,F,0,0
74,4,A,0,0
74,4,B,0,0
74,4,C,0,0
74,4,D,0,0
74,4,E,0,0
74,4,F,0,0
74,5,A,0,0
74,5,B,0,0
74,5,C,0,0
74,5,D,0,0
74,5,E,0,0
74,5,F,0,0
74,6,A,0,0
74,6,B,0,0
74,6,C,0,0
74,6,D,0,0
74,6,E,0,0
74,6,F,0,0
74,7,A,0,0
74,7,B,0,0
74,7,C,0,0
74,7,D,0,0
74,7,E,0,0
74,7,F,0,0
74,8,A,0,0
74,8,B,0,0
74,8,C,0,0
74,8,D,0,0
74,8,E,0,0
74,8,F,0,0
74,9,A,0,0
74,9,B,0,0
74,9,C,0,0
74,9,D,0,0
74,9,E,0,0
74,9,F,0,0
74,10,A,0,0
74,10,B,0,0
74,10,C,0,0
74,10,D,0,0
74,10,E,0,0
74,10,F,0,0
74,11,A,0,0
74,11,B,0,0
74,11,C,0,0
74,11,D,0,0
74,11,E,0,0
74,11,F,0,0
75,1,A,0,1
75,1,B,0,1
75,1,C,0,1
75,1,D,0,1
75,1,E,0,1
75,1,F,0,1
75,2,A,0,1
75,2,B,0,1
75,2,C,0,1
75,2,D,0,1
75,2,E,0,1
75,2,F,0,1
75,3,A,0,0
75,3,B,0,0
75,3,C,0,0
75,3,D,0,0
75,3,E,0,0
75,3,F,0,0
75,4,A,0,0
75,4,B,0,0
75,4,C,0,0
75,4,D,0,0
75,4,E,0,0
75,4,F,0,0
75,5,A,0,0
75,5,B,0,0
75,5,C,0,0
75,5,D,0,0
75,5,E,0,0
75,5,F,0,0
75,6,A,0,0
75,6,B,0,0
75,6,C,0,0
75,6,D,0,0
75,6,E,0,0
75,6,F,0,0
75,7,A,0,0
75,7,B,0,0
75,7,C,0,0
75,7,D,0,0
75,7,E,0,0
75,7,F,0,0
76,1,A,0,1
76,1,B,0,1
76,1,C,0,1
76,1,D,0,1
76,1,E,0,1
76,1,F,0,1
76,2,A,0,1
76,2,B,0,1
76,2,C,0,1
76,2,D,0,1
76,2,E,0,1
76,2,F,0,1
76,3,A,0,0
76,3,B,0,0
76,3,C,0,0
76,3,D,0,0
76,3,E,0,0
76,3,F,0,0
76,4,A,0,0
76,4,B,0,0
76,4,C,0,0
76,4,D,0,0
76,4,E,0,0
76,4,F,0,0
76,5,A,0,0
76,5,B,0,0
76,5,C,0,0
76,5,D,0,0
76,5,E,0,0
76,5,F,0,0
76,6,A,0,0
76,6,B,0,0
76,6,C,0,0
76,6,D,0,0
76,6,E,0,0
76,6,F,0,0
76,7,A,0,0
76,7,B,0,0
76,7,C,0,0
76,7,D,0,0
76,7,E,0,0
76,7,F,0,0
76,8,A,0,0
76,8,B,0,0
76,8,C,0,0
76,8,D,0,0
76,8,E,0,0
76,8,F,0,0
76,9,A,0,0
76,9,B,0,0
76,9,C,0,0
76,9,D,0,0
76,9,E,0,0
76,9,F,0,0
76,10,A,0,0
76,10,B,0,0
76,10,C,0,0
76,10,D,0,0
76,10,E,0,0
76,10,F,0,0
77,1,A,0,1
77,1,B,0,1
77,1,C,0,1
77,1,D,0,1
77,1,E,0,1
77,1,F,0,1
77,2,A,0,1
77,2,B,0,1
77,2,C,0,1
77,2,D,0,1
77,2,E,0,1
77,2,F,0,1
77,3,A,0,0
77,3,B,0,0
77,3,C,0,0
77,3,D,0,0
77,3,E,0,0
77,3,F,0,0
77,4,A,0,0
77,4,B,0,0
77,4,C,0,0
77,4,D,0,0
77,4,E,0,0
77,4,F,0,0
77,5,A,0,0
77,5,B,0,0
77,5,C,0,0
77,5,D,0,0
77,5,E,0,0
77,5,F,0,0
77,6,A,0,0
77,6,B,0,0
77,6,C,0,0
77,6,D,0,0
77,6,E,0,0
77,6,F,0,0
77,7,A,0,0
77,7,B,0,0
77,7,C,0,0
77,7,D,0,0
77,7,E,0,0
77,7,F,0,0
77,8,A,0,0
77,8,B,0,0
77,8,C,0,0
77,8,D,0,0
77,8,E,0,0
77,8,F,0,0
77,9,A,0,0
77,9,B,0,0
77,9,C,0,0
77,9,D,0,0
77,9,E,0,0
77,9,F,0,0
77,10,A,0,0
77,10,B,0,0
77,10,C,0,0
77,10,D,0,0
77,10,E,0,0
77,10,F,0,0
77,11,A,0,0
77,11,B,0,0
77,11,C,0,0
77,11,D,0,0
77,11,E,0,0
77,11,F,0,0
77,12,A,0,0
77,12,B,0,0
77,12,C,0,0
77,12,D,0,0
77,12,E,0,0
77,12,F,0,0
77,13,A,0,0
77,13,B,0,0
77,13,C,0,0
77,13,D,0,0
77,13,E,0,0
77,13,F,0,0
77,14,A,0,0
77,14,B,0,0
77,14,C,0,0
77,14,D,0,0
77,14,E,0,0
77,14,F,0,0
77,15,A,0,0
77,15,B,0,0
77,15,C,0,0
77,15,D,0,0
77,15,E,0,0
77,15,F,0,0
78,1,A,0,1
78,1,B,0,1
78,1,C,0,1
78,1,D,0,1
78,1,E,0,1
78,1,F,0,1
78,2,A,0,1
78,2,B,0,1
78,2,C,0,1
78,2,D,0,1
78,2,E,0,1
78,2,F,0,1
78,3,A,0,0
78,3,B,0,0
78,3,C,0,0
78,3,D,0,0
78,3,E,0,0
78,3,F,0,0
78,4,A,0,0
78,4,B,0,0
78,4,C,0,0
78,4,D,0,0
78,4,E,0,0
78,4,F,0,0
78,5,A,0,0
78,5,B,0,0
78,5,C,0,0
78,5,D,0,0
78,5,E,0,0
78,5,F,0,0
78,6,A,0,0
78,6,B,0,0
78,6,C,0,0
78,6,D,0,0
78,6,E,0,0
78,6,F,0,0
78,7,A,0,0
78,7,B,0,0
78,7,C,0,0
78,7,D,0,0
78,7,E,0,0
78,7,F,0,0
78,8,A,0,0
78,8,B,0,0
78,8,C,0,0
78,8,D,0,0
78,8,E,0,0
78,8,F,0,0
78,9,A,0,0
78,9,B,0,0
78,9,C,0,0
78,9,D,0,0
78,9,E,0,0
78,9,F,0,0
78,10,A,0,0
78,10,B,0,0
78,10,C,0,0
78,10,D,0,0
78,10,E,0,0
78,10,F,0,0
78,11,A,0,0
78,11,B,0,0
78,11,C,0,0
78,11,D,0,0
78,11,E,0,0
78,11,F,0,0
78,12,A,0,0
78,12,B,0,0
78,12,C,0,0
78,12,D,0,0
78,12,E,0,0
78,12,F,0,0
78,13,A,0,0
78,13,B,0,0
78,13,C,0,0
78,13,D,0,0
78,13,E,0,0
78,13,F,0,0
78,14,A,0,0
78,14,B,0,0
78,14,C,0,0
78,14,D,0,0
78,14,E,0,0
78,14,F,0,0
79,1,A,0,1
79,1,B,0,1
79,1,C,0,1
79,1,D,0,1
79,1,E,0,1
79,1,F,0,1
79,2,A,0,1
79,2,B,0,1
79,2,C,0,1
79,2,D,0,1
79,2,E,0,1
79,2,F,0,1
79,3,A,0,0
79,3,B,0,0
79,3,C,0,0
79,3,D,0,0
79,3,E,0,0
79,3,F,0,0
79,4,A,0,0
79,4,B,0,0
79,4,C,0,0
79,4,D,0,0
79,4,E,0,0
79,4,F,0,0
79,5,A,0,0
79,5,B,0,0
79,5,C,0,0
79,5,D,0,0
79,5,E,0,0
79,5,F,0,0
79,6,A,0,0
79,6,B,0,0
79,6,C,0,0
79,6,D,0,0
79,6,E,0,0
79,6,F,0,0
79,7,A,0,0
79,7,B,0,0
79,7,C,0,0
79,7,D,0,0
79,7,E,0,0
79,7,F,0,0
79,8,A,0,0
79,8,B,0,0
79,8,C,0,0
79,8,D,0,0
79,8,E,0,0
79,8,F,0,0
79,9,A,0,0
79,9,B,0,0
79,9,C,0,0
79,9,D,0,0
79,9,E,0,0
79,9,F,0,0
79,10,A,0,0
79,10,B,0,0
79,10,C,0,0
79,10,D,0,0
79,10,E,0,0
79,10,F,0,0
79,11,A,0,0
79,11,B,0,0
79,11,C,0,0
79,11,D,0,0
79,11,E,0,0
79,11,F,0,0
79,12,A,0,0
79,12,B,0,0
79,12,C,0,0
79,12,D,0,0
79,12,E,0,0
79,12,F,0,0
79,13,A,0,0
79,13,B,0,0
79,13,C,0,0
79,13,D,0,0
79,13,E,0,0
79,13,F,0,0
79,14,A,0,0
79,14,B,0,0
79,14,C,0,0
79,14,D,0,0
79,14,E,0,0
79,14,F,0,0
79,15,A,0,0
79,15,B,0,0
79,15,C,0,0
79,15,D,0,0
79,15,E,0,0
79,15,F,0,0
80,1,A,0,1
80,1,B,0,1
80,1,C,0,1
80,1,D,0,1
80,1,E,0,1
80,1,F,0,1
80,2,A,0,1
80,2,B,0,1
80,2,C,0,1
80,2,D,0,1
80,2,E,0,1
80,2,F,0,1
80,3,A,0,0
80,3,B,0,0
80,3,C,0,0
80,3,D,0,0
80,3,E,0,0
80,3,F,0,0
80,4,A,0,0
80,4,B,0,0
80,4,C,0,0
80,4,D,0,0
80,4,E,0,0
80,4,F,0,0
80,5,A,0,0
80,5,B,0,0
80,5,C,0,0
80,5,D,0,0
80,5,E,0,0
80,5,F,0,0
80,6,A,0,0
80,6,B,0,0
80,6,C,0,0
80,6,D,0,0
80,6,E,0,0
80,6,F,0,0
80,7,A,0,0
80,7,B,0,0
80,7,C,0,0
80,7,D,0,0
80,7,E,0,0
80,7,F,0,0
80,8,A,0,0
80,8,B,0,0
80,8,C,0,0
80,8,D,0,0
80,8,E,0,0
80,8,F,0,0
80,9,A,0,0
80,9,B,0,0
80,9,C,0,0
80,9,D,0,0
80,9,E,0,0
80,9,F,0,0
80,10,A,0,0
80,10,B,0,0
80,10,C,0,0
80,10,D,0,0
80,10,E,0,0
80,10,F,0,0
80,11,A,0,0
80,11,B,0,0
80,11,C,0,0
80,11,D,0,0
80,11,E,0,0
80,11,F,0,0
80,12,A,0,0
80,12,B,0,0
80,12,C,0,0
80,12,D,0,0
80,12,E,0,0
80,12,F,0,0
80,13,A,0,0
80,13,B,0,0
80,13,C,0,0
80,13,D,0,0
80,13,E,0,0
80,13,F,0,0
80,14,A,0,0
80,14,B,0,0
80,14,C,0,0
80,14,D,0,0
80,14,E,0,0
80,14,F,0,0
80,15,A,0,0
80,15,B,0,0
80,15,C,0,0
80,15,D,0,0
80,15,E,0,0
80,15,F,0,0
80,16,A,0,0
80,16,B,0,0
80,16,C,0,0
80,16,D,0,0
80,16,E,0,0
80,16,F,0,0
80,17,A,0,0
80,17,B,0,0
80,17,C,0,0
80,17,D,0,0
80,17,E,0,0
80,17,F,0,0
80,18,A,0,0
80,18,B,0,0
80,18,C,0,0
80,18,D,0,0
80,18,E,0,0
80,18,F,0,0
81,1,A,0,1
81,1,B,0,1
81,1,C,0,1
81,1,D,0,1
81,1,E,0,1
81,1,F,0,1
81,2,A,0,1
81,2,B,0,1
81,2,C,0,1
81,2,D,0,1
81,2,E,0,1
81,2,F,0,1
81,3,A,0,0
81,3,B,0,0
81,3,C,0,0
81,3,D,0,0
81,3,E,0,0
81,3,F,0,0
81,4,A,0,0
81,4,B,0,0
81,4,C,0,0
81,4,D,0,0
81,4,E,0,0
81,4,F,0,0
81,5,A,0,0
81,5,B,0,0
81,5,C,0,0
81,5,D,0,0
81,5,E,0,0
81,5,F,0,0
81,6,A,0,0
81,6,B,0,0
81,6,C,0,0
81,6,D,0,0
81,6,E,0,0
81,6,F,0,0
81,7,A,0,0
81,7,B,0,0
81,7,C,0,0
81,7,D,0,0
81,7,E,0,0
81,7,F,0,0
81,8,A,0,0
81,8,B,0,0
81,8,C,0,0
81,8,D,0,0
81,8,E,0,0
81,8,F,0,0
81,9,A,0,0
81,9,B,0,0
81,9,C,0,0
81,9,D,0,0
81,9,E,0,0
81,9,F,0,0
81,10,A,0,0
81,10,B,0,0
81,10,C,0,0
81,10,D,0,0
81,10,E,0,0
81,10,F,0,0
82,1,A,0,1
82,1,B,0,1
82,1,C,0,1
82,1,D,0,1
82,1,E,0,1
82,1,F,0,1
82,2,A,0,1
82,2,B,0,1
82,2,C,0,1
82,2,D,0,1
82,2,E,0,1
82,2,F,0,1
82,3,A,0,0
82,3,B,0,0
82,3,C,0,0
82,3,D,0,0
82,3,E,0,0
82,3,F,0,0
82,4,A,0,0
82,4,B,0,0
82,4,C,0,0
82,4,D,0,0
82,4,E,0,0
82,4,F,0,0
82,5,A,0,0
82,5,B,0,0
82,5,C,0,0
82,5,D,0,0
82,5,E,0,0
82,5,F,0,0
82,6,A,0,0
82,6,B,0,0
82,6,C,0,0
82,6,D,0,0
82,6,E,0,0
82,6,F,0,0
82,7,A,0,0
82,7,B,0,0
82,7,C,0,0
82,7,D,0,0
82,7,E,0,0
82,7,F,0,0
82,8,A,0,0
82,8,B,0,0
82,8,C,0,0
82,8,D,0,0
82,8,E,0,0
82,8,F,0,0
82,9,A,0,0
82,9,B,0,0
82,9,C,0,0
82,9,D,0,0
82,9,E,0,0
82,9,F,0,0
82,10,A,0,0
82,10,B,0,0
82,10,C,0,0
82,10,D,0,0
82,10,E,0,0
82,10,F,0,0
82,11,A,0,0
82,11,B,0,0
82,11,C,0,0
82,11,D,0,0
82,11,E,0,0
82,11,F,0,0
82,12,A,0,0
82,12,B,0,0
82,12,C,0,0
82,12,D,0,0
82,12,E,0,0
82,12,F,0,0
82,13,A,0,0
82,13,B,0,0
82,13,C,0,0
82,13,D,0,0
82,13,E,0,0
82,13,F,0,0
82,14,A,0,0
82,14,B,0,0
82,14,C,0,0
82,14,D,0,0
82,14,E,0,0
82,14,F,0,0
83,1,A,0,1
83,1,B,0,1
83,1,C,0,1
83,1,D,0,1
83,1,E,0,1
83,1,F,0,1
83,2,A,0,1
83,2,B,0,1
83,2,C,0,1
83,2,D,0,1
83,2,E,0,1
83,2,F,0,1
83,3,A,0,0
83,3,B,0,0
83,3,C,0,0
83,3,D,0,0
83,3,E,0,0
83,3,F,0,0
83,4,A,0,0
83,4,B,0,0
83,4,C,0,0
83,4,D,0,0
83,4,E,0,0
83,4,F,0,0
83,5,A,0,0
83,5,B,0,0
83,5,C,0,0
83,5,D,0,0
83,5,E,0,0
83,5,F,0,0
83,6,A,0,0
83,6,B,0,0
83,6,C,0,0
83,6,D,0,0
83,6,E,0,0
83,6,F,0,0
83,7,A,0,0
83,7,B,0,0
83,7,C,0,0
83,7,D,0,0
83,7,E,0,0
83,7,F,0,0
84,1,A,0,1
84,1,B,0,1
84,1,C,0,1
84,1,D,0,1
84,1,E,0,1
84,1,F,0,1
84,2,A,0,1
84,2,B,0,1
84,2,C,0,1
84,2,D,0,1
84,2,E,0,1
84,2,F,0,1
84,3,A,0,0
84,3,B,0,0
84,3,C,0,0
84,3,D,0,0
84,3,E,0,0
84,3,F,0,0
84,4,A,0,0
84,4,B,0,0
84,4,C,0,0
84,4,D,0,0
84,4,E,0,0
84,4,F,0,0
84,5,A,0,0
84,5,B,0,0
84,5,C,0,0
84,5,D,0,0
84,5,E,0,0
84,5,F,0,0
84,6,A,0,0
84,6,B,0,0
84,6,C,0,0
84,6,D,0,0
84,6,E,0,0
84,6,F,0,0
84,7,A,0,0
84,7,B,0,0
84,7,C,0,0
84,7,D,0,0
84,7,E,0,0
84,7,F,0,0
84,8,A,0,0
84,8,B,0,0
84,8,C,0,0
84,8,D,0,0
84,8,E,0,0
84,8,F,0,0
85,1,A,0,1
85,1,B,0,1
85,1,C,0,1
85,1,D,0,1
85,1,E,0,1
85,1,F,0,1
85,2,A,0,1
85,2,B,0,1
85,2,C,0,1
85,2,D,0,1
85,2,E,0,1
85,2,F,0,1
85,3,A,0,0
85,3,B,0,0
85,3,C,0,0
85,3,D,0,0
85,3,E,0,0
85,3,F,0,0
85,4,A,0,0
85,4,B,0,0
85,4,C,0,0
85,4,D,0,0
85,4,E,0,0
85,4,F,0,0
85,5,A,0,0
85,5,B,0,0
85,5,C,0,0
85,5,D,0,0
85,5,E,0,0
85,5,F,0,0
85,6,A,0,0
85,6,B,0,0
85,6,C,0,0
85,6,D,0,0
85,6,E,0,0
85,6,F,0,0
85,7,A,0,0
85,7,B,0,0
85,7,C,0,0
85,7,D,0,0
85,7,E,0,0
85,7,F,0,0
86,1,A,0,1
86,1,B,0,1
86,1,C,0,1
86,1,D,0,1
86,1,E,0,1
86,1,F,0,1
86,2,A,0,1
86,2,B,0,1
86,2,C,0,1
86,2,D,0,1
86,2,E,0,1
86,2,F,0,1
86,3,A,0,0
86,3,B,0,0
86,3,C,0,0
86,3,D,0,0
86,3,E,0,0
86,3,F,0,0
86,4,A,0,0
86,4,B,0,0
86,4,C,0,0
86,4,D,0,0
86,4,E,0,0
86,4,F,0,0
86,5,A,0,0
86,5,B,0,0
86,5,C,0,0
86,5,D,0,0
86,5,E,0,0
86,5,F,0,0
86,6,A,0,0
86,6,B,0,0
86,6,C,0,0
86,6,D,0,0
86,6,E,0,0
86,6,F,0,0
86,7,A,0,0
86,7,B,0,0
86,7,C,0,0
86,7,D,0,0
86,7,E,0,0
86,7,F,0,0
86,8,A,0,0
86,8,B,0,0
86,8,C,0,0
86,8,D,0,0
86,8,E,0,0
86,8,F,0,0
86,9,A,0,0
86,9,B,0,0
86,9,C,0,0
86,9,D,0,0
86,9,E,0,0
86,9,F,0,0
86,10,A,0,0
86,10,B,0,0
86,10,C,0,0
86,10,D,0,0
86,10,E,0,0
86,10,F,0,0
86,11,A,0,0
86,11,B,0,0
86,11,C,0,0
86,11,D,0,0
86,11,E,0,0
86,11,F,0,0
86,12,A,0,0
86,12,B,0,0
86,12,C,0,0
86,12,D,0,0
86,12,E,0,0
86,12,F,0,0
87,1,A,0,1
87,1,B,0,1
87,1,C,0,1
87,1,D,0,1
87,1,E,0,1
87,1,F,0,1
87,2,A,0,1
87,2,B,0,1
87,2,C,0,1
87,2,D,0,1
87,2,E,0,1
87,2,F,0,1
87,3,A,0,0
87,3,B,0,0
87,3,C,0,0
87,3,D,0,0
87,3,E,0,0
87,3,F,0,0
87,4,A,0,0
87,4,B,0,0
87,4,C,0,0
87,4,D,0,0
87,4,E,0,0
87,4,F,0,0
87,5,A,0,0
87,5,B,0,0
87,5,C,0,0
87,5,D,0,0
87,5,E,0,0
87,5,F,0,0
87,6,A,0,0
87,6,B,0,0
87,6,C,0,0
87,6,D,0,0
87,6,E,0,0
87,6,F,0,0
87,7,A,0,0
87,7,B,0,0
87,7,C,0,0
87,7,D,0,0
87,7,E,0,0
87,7,F,0,0
87,8,A,0,0
87,8,B,0,0
87,8,C,0,0
87,8,D,0,0
87,8,E,0,0
87,8,F,0,0
87,9,A,0,0
87,9,B,0,0
87,9,C,0,0
87,9,D,0,0
87,9,E,0,0
87,9,F,0,0
87,10,A,0,0
87,10,B,0,0
87,10,C,0,0
87,10,D,0,0
87,10,E,0,0
87,10,F,0,0
88,1,A,0,1
88,1,B,0,1
88,1,C,0,1
88,1,D,0,1
88,1,E,0,1
88,1,F,0,1
88,2,A,0,1
88,2,B,0,1
88,2,C,0,1
88,2,D,0,1
88,2,E,0,1
88,2,F,0,1
88,3,A,0,0
88,3,B,0,0
88,3,C,0,0
88,3,D,0,0
88,3,E,0,0
88,3,F,0,0
88,4,A,0,0
88,4,B,0,0
88,4,C,0,0
88,4,D,0,0
88,4,E,0,0
88,4,F,0,0
88,5,A,0,0
88,5,B,0,0
88,5,C,0,0
88,5,D,0,0
88,5,E,0,0
88,5,F,0,0
89,1,A,0,1
89,1,B,0,1
89,1,C,0,1
89,1,D,0,1
89,1,E,0,1
89,1,F,0,1
89,2,A,0,1
89,2,B,0,1
89,2,C,0,1
89,2,D,0,1
89,2,E,0,1
89,2,F,0,1
89,3,A,0,0
89,3,B,0,0
89,3,C,0,0
89,3,D,0,0
89,3,E,0,0
89,3,F,0,0
89,4,A,0,0
89,4,B,0,0
89,4,C,0,0
89,4,D,0,0
89,4,E,0,0
89,4,F,0,0
89,5,A,0,0
89,5,B,0,0
89,5,C,0,0
89,5,D,0,0
89,5,E,0,0
89,5,F,0,0
89,6,A,0,0
89,6,B,0,0
89,6,C,0,0
89,6,D,0,0
89,6,E,0,0
89,6,F,0,0
89,7,A,0,0
89,7,B,0,0
89,7,C,0,0
89,7,D,0,0
89,7,E,0,0
89,7,F,0,0
89,8,A,0,0
89,8,B,0,0
89,8,C,0,0
89,8,D,0,0
89,8,E,0,0
89,8,F,0,0
89,9,A,0,0
89,9,B,0,0
89,9,C,0,0
89,9,D,0,0
89,9,E,0,0
89,9,F,0,0
89,10,A,0,0
89,10,B,0,0
89,10,C,0,0
89,10,D,0,0
89,10,E,0,0
89,10,F,0,0
90,1,A,0,1
90,1,B,0,1
90,1,C,0,1
90,1,D,0,1
90,1,E,0,1
90,1,F,0,1
90,2,A,0,1
90,2,B,0,1
90,2,C,0,1
90,2,D,0,1
90,2,E,0,1
90,2,F,0,1
90,3,A,0,0
90,3,B,0,0
90,3,C,0,0
90,3,D,0,0
90,3,E,0,0
90,3,F,0,0
90,4,A,0,0
90,4,B,0,0
90,4,C,0,0
90,4,D,0,0
90,4,E,0,0
90,4,F,0,0
90,5,A,0,0
90,5,B,0,0
90,5,C,0,0
90,5,D,0,0
90,5,E,0,0
90,5,F,0,0
90,6,A,0,0
90,6,B,0,0
90,6,C,0,0
90,6,D,0,0
90,6,E,0,0
90,6,F,0,0
90,7,A,0,0
90,7,B,0,0
90,7,C,0,0
90,7,D,0,0
90,7,E,0,0
90,7,F,0,0
90,8,A,0,0
90,8,B,0,0
90,8,C,0,0
90,8,D,0,0
90,8,E,0,0
90,8,F,0,0
90,9,A,0,0
90,9,B,0,0
90,9,C,0,0
90,9,D,0,0
90,9,E,0,0
90,9,F,0,0
90,10,A,0,0
90,10,B,0,0
90,10,C,0,0
90,10,D,0,0
90,10,E,0,0
90,10,F,0,0
91,1,A,0,1
91,1,B,0,1
91,1,C,0,1
91,1,D,0,1
91,1,E,0,1
91,1,F,0,1
91,2,A,0,1
91,2,B,0,1
91,2,C,0,1
91,2,D,0,1
91,2,E,0,1
91,2,F,0,1
91,3,A,0,0
91,3,B,0,0
91,3,C,0,0
91,3,D,0,0
91,3,E,0,0
91,3,F,0,0
91,4,A,0,0
91,4,B,0,0
91,4,C,0,0
91,4,D,0,0
91,4,E,0,0
91,4,F,0,0
91,5,A,0,0
91,5,B,0,0
91,5,C,0,0
91,5,D,0,0
91,5,E,0,0
91,5,F,0,0
91,6,A,0,0
91,6,B,0,0
91,6,C,0,0
91,6,D,0,0
91,6,E,0,0
91,6,F,0,0
91,7,A,0,0
91,7,B,0,0
91,7,C,0,0
91,7,D,0,0
91,7,E,0,0
91,7,F,0,0
91,8,A,0,0
91,8,B,0,0
91,8,C,0,0
91,8,D,0,0
91,8,E,0,0
91,8,F,0,0
91,9,A,0,0
91,9,B,0,0
91,9,C,0,0
91,9,D,0,0
91,9,E,0,0
91,9,F,0,0
91,10,A,0,0
91,10,B,0,0
91,10,C,0,0
91,10,D,0,0
91,10,E,0,0
91,10,F,0,0
91,11,A,0,0
91,11,B,0,0
91,11,C,0,0
91,11,D,0,0
91,11,E,0,0
91,11,F,0,0
91,12,A,0,0
91,12,B,0,0
91,12,C,0,0
91,12,D,0,0
91,12,E,0,0
91,12,F,0,0
91,13,A,0,0
91,13,B,0,0
91,13,C,0,0
91,13,D,0,0
91,13,E,0,0
91,13,F,0,0
91,14,A,0,0
91,14,B,0,0
91,14,C,0,0
91,14,D,0,0
91,14,E,0,0
91,14,F,0,0
91,15,A,0,0
91,15,B,0,0
91,15,C,0,0
91,15,D,0,0
91,15,E,0,0
91,15,F,0,0
91,16,A,0,0
91,16,B,0,0
91,16,C,0,0
91,16,D,0,0
91,16,E,0,0
91,16,F,0,0
91,17,A,0,0
91,17,B,0,0
91,17,C,0,0
91,17,D,0,0
91,17,E,0,0
91,17,F,0,0
92,1,A,0,1
92,1,B,0,1
92,1,C,0,1
92,1,D,0,1
92,1,E,0,1
92,1,F,0,1
92,2,A,0,1
92,2,B,0,1
92,2,C,0,1
92,2,D,0,1
92,2,E,0,1
92,2,F,0,1
92,3,A,0,0
92,3,B,0,0
92,3,C,0,0
92,3,D,0,0
92,3,E,0,0
92,3,F,0,0
92,4,A,0,0
92,4,B,0,0
92,4,C,0,0
92,4,D,0,0
92,4,E,0,0
92,4,F,0,0
92,5,A,0,0
92,5,B,0,0
92,5,C,0,0
92,5,D,0,0
92,5,E,0,0
92,5,F,0,0
92,6,A,0,0
92,6,B,0,0
92,6,C,0,0
92,6,D,0,0
92,6,E,0,0
92,6,F,0,0
92,7,A,0,0
92,7,B,0,0
92,7,C,0,0
92,7,D,0,0
92,7,E,0,0
92,7,F,0,0
92,8,A,0,0
92,8,B,0,0
92,8,C,0,0
92,8,D,0,0
92,8,E,0,0
92,8,F,0,0
92,9,A,0,0
92,9,B,0,0
92,9,C,0,0
92,9,D,0,0
92,9,E,0,0
92,9,F,0,0
92,10,A,0,0
92,10,B,0,0
92,10,C,0,0
92,10,D,0,0
92,10,E,0,0
92,10,F,0,0
92,11,A,0,0
92,11,B,0,0
92,11,C,0,0
92,11,D,0,0
92,11,E,0,0
92,11,F,0,0
92,12,A,0,0
92,12,B,0,0
92,12,C,0,0
92,12,D,0,0
92,12,E,0,0
92,12,F,0,0
92,13,A,0,0
92,13,B,0,0
92,13,C,0,0
92,13,D,0,0
92,13,E,0,0
92,13,F,0,0
92,14,A,0,0
92,14,B,0,0
92,14,C,0,0
92,14,D,0,0
92,14,E,0,0
92,14,F,0,0
92,15,A,0,0
92,15,B,0,0
92,15,C,0,0
92,15,D,0,0
92,15,E,0,0
92,15,F,0,0
92,16,A,0,0
92,16,B,0,0
92,16,C,0,0
92,16,D,0,0
92,16,E,0,0
92,16,F,0,0
93,1,A,0,1
93,1,B,0,1
93,1,C,0,1
93,1,D,0,1
93,1,E,0,1
93,1,F,0,1
93,2,A,0,1
93,2,B,0,1
93,2,C,0,1
93,2,D,0,1
93,2,E,0,1
93,2,F,0,1
93,3,A,0,0
93,3,B,0,0
93,3,C,0,0
93,3,D,0,0
93,3,E,0,0
93,3,F,0,0
93,4,A,0,0
93,4,B,0,0
93,4,C,0,0
93,4,D,0,0
93,4,E,0,0
93,4,F,0,0
93,5,A,0,0
93,5,B,0,0
93,5,C,0,0
93,5,D,0,0
93,5,E,0,0
93,5,F,0,0
93,6,A,0,0
93,6,B,0,0
93,6,C,0,0
93,6,D,0,0
93,6,E,0,0
93,6,F,0,0
93,7,A,0,0
93,7,B,0,0
93,7,C,0,0
93,7,D,0,0
93,7,E,0,0
93,7,F,0,0
93,8,A,0,0
93,8,B,0,0
93,8,C,0,0
93,8,D,0,0
93,8,E,0,0
93,8,F,0,0
94,1,A,0,1
94,1,B,0,1
94,1,C,0,1
94,1,D,0,1
94,1,E,0,1
94,1,F,0,1
94,2,A,0,1
94,2,B,0,1
94,2,C,0,1
94,2,D,0,1
94,2,E,0,1
94,2,F,0,1
94,3,A,0,0
94,3,B,0,0
94,3,C,0,0
94,3,D,0,0
94,3,E,0,0
94,3,F,0,0
94,4,A,0,0
94,4,B,0,0
94,4,C,0,0
94,4,D,0,0
94,4,E,0,0
94,4,F,0,0
94,5,A,0,0
94,5,B,0,0
94,5,C,0,0
94,5,D,0,0
94,5,E,0,0
94,5,F,0,0
94,6,A,0,0
94,6,B,0,0
94,6,C,0,0
94,6,D,0,0
94,6,E,0,0
94,6,F,0,0
94,7,A,0,0
94,7,B,0,0
94,7,C,0,0
94,7,D,0,0
94,7,E,0,0
94,7,F,0,0
94,8,A,0,0
94,8,B,0,0
94,8,C,0,0
94,8,D,0,0
94,8,E,0,0
94,8,F,0,0
94,9,A,0,0
94,9,B,0,0
94,9,C,0,0
94,9,D,0,0
94,9,E,0,0
94,9,F,0,0
94,10,A,0,0
94,10,B,0,0
94,10,C,0,0
94,10,D,0,0
94,10,E,0,0
94,10,F,0,0
94,11,A,0,0
94,11,B,0,0
94,11,C,0,0
94,11,D,0,0
94,11,E,0,0
94,11,F,0,0
94,12,A,0,0
94,12,B,0,0
94,12,C,0,0
94,12,D,0,0
94,12,E,0,0
94,12,F,0,0
94,13,A,0,0
94,13,B,0,0
94,13,C,0,0
94,13,D,0,0
94,13,E,0,0
94,13,F,0,0
94,14,A,0,0
94,14,B,0,0
94,14,C,0,0
94,14,D,0,0
94,14,E,0,0
94,14,F,0,0
94,15,A,0,0
94,15,B,0,0
94,15,C,0,0
94,15,D,0,0
94,15,E,0,0
94,15,F,0,0
94,16,A,0,0
94,16,B,0,0
94,16,C,0,0
94,16,D,0,0
94,16,E,0,0
94,16,F,0,0
94,17,A,0,0
94,17,B,0,0
94,17,C,0,0
94,17,D,0,0
94,17,E,0,0
94,17,F,0,0
94,18,A,0,0
94,18,B,0,0
94,18,C,0,0
94,18,D,0,0
94,18,E,0,0
94,18,F,0,0
94,19,A,0,0
94,19,B,0,0
94,19,C,0,0
94,19,D,0,0
94,19,E,0,0
94,19,F,0,0
94,20,A,0,0
94,20,B,0,0
94,20,C,0,0
94,20,D,0,0
94,20,E,0,0
94,20,F,0,0
95,1,A,0,1
95,1,B,0,1
95,1,C,0,1
95,1,D,0,1
95,1,E,0,1
95,1,F,0,1
95,2,A,0,1
95,2,B,0,1
95,2,C,0,1
95,2,D,0,1
95,2,E,0,1
95,2,F,0,1
95,3,A,0,0
95,3,B,0,0
95,3,C,0,0
95,3,D,0,0
95,3,E,0,0
95,3,F,0,0
95,4,A,0,0
95,4,B,0,0
95,4,C,0,0
95,4,D,0,0
95,4,E,0,0
95,4,F,0,0
95,5,A,0,0
95,5,B,0,0
95,5,C,0,0
95,5,D,0,0
95,5,E,0,0
95,5,F,0,0
95,6,A,0,0
95,6,B,0,0
95,6,C,0,0
95,6,D,0,0
95,6,E,0,0
95,6,F,0,0
95,7,A,0,0
95,7,B,0,0
95,7,C,0,0
95,7,D,0,0
95,7,E,0,0
95,7,F,0,0
95,8,A,0,0
95,8,B,0,0
95,8,C,0,0
95,8,D,0,0
95,8,E,0,0
95,8,F,0,0
95,9,A,0,0
95,9,B,0,0
95,9,C,0,0
95,9,D,0,0
95,9,E,0,0
95,9,F,0,0
95,10,A,0,0
95,10,B,0,0
95,10,C,0,0
95,10,D,0,0
95,10,E,0,0
95,10,F,0,0
95,11,A,0,0
95,11,B,0,0
95,11,C,0,0
95,11,D,0,0
95,11,E,0,0
95,11,F,0,0
96,1,A,0,1
96,1,B,0,1
96,1,C,0,1
96,1,D,0,1
96,1,E,0,1
96,1,F,0,1
96,2,A,0,1
96,2,B,0,1
96,2,C,0,1
96,2,D,0,1
96,2,E,0,1
96,2,F,0,1
96,3,A,0,0
96,3,B,0,0
96,3,C,0,0
96,3,D,0,0
96,3,E,0,0
96,3,F,0,0
96,4,A,0,0
96,4,B,0,0
96,4,C,0,0
96,4,D,0,0
96,4,E,0,0
96,4,F,0,0
96,5,A,0,0
96,5,B,0,0
96,5,C,0,0
96,5,D,0,0
96,5,E,0,0
96,5,F,0,0
96,6,A,0,0
96,6,B,0,0
96,6,C,0,0
96,6,D,0,0
96,6,E,0,0
96,6,F,0,0
96,7,A,0,0
96,7,B,0,0
96,7,C,0,0
96,7,D,0,0
96,7,E,0,0
96,7,F,0,0
96,8,A,0,0
96,8,B,0,0
96,8,C,0,0
96,8,D,0,0
96,8,E,0,0
96,8,F,0,0
96,9,A,0,0
96,9,B,0,0
96,9,C,0,0
96,9,D,0,0
96,9,E,0,0
96,9,F,0,0
96,10,A,0,0
96,10,B,0,0
96,10,C,0,0
96,10,D,0,0
96,10,E,0,0
96,10,F,0,0
96,11,A,0,0
96,11,B,0,0
96,11,C,0,0
96,11,D,0,0
96,11,E,0,0
96,11,F,0,0
97,1,A,0,1
97,1,B,0,1
97,1,C,0,1
97,1,D,0,1
97,1,E,0,1
97,1,F,0,1
97,2,A,0,1
97,2,B,0,1
97,2,C,0,1
97,2,D,0,1
97,2,E,0,1
97,2,F,0,1
97,3,A,0,0
97,3,B,0,0
97,3,C,0,0
97,3,D,0,0
97,3,E,0,0
97,3,F,0,0
97,4,A,0,0
97,4,B,0,0
97,4,C,0,0
97,4,D,0,0
97,4,E,0,0
97,4,F,0,0
97,5,A,0,0
97,5,B,0,0
97,5,C,0,0
97,5,D,0,0
97,5,E,0,0
97,5,F,0,0
97,6,A,0,0
97,6,B,0,0
97,6,C,0,0
97,6,D,0,0
97,6,E,0,0
97,6,F,0,0
97,7,A,0,0
97,7,B,0,0
97,7,C,0,0
97,7,D,0,0
97,7,E,0,0
97,7,F,0,0
97,8,A,0,0
97,8,B,0,0
97,8,C,0,0
97,8,D,0,0
97,8,E,0,0
97,8,F,0,0
97,9,A,0,0
97,9,B,0,0
97,9,C,0,0
97,9,D,0,0
97,9,E,0,0
97,9,F,0,0
97,10,A,0,0
97,10,B,0,0
97,10,C,0,0
97,10,D,0,0
97,10,E,0,0
97,10,F,0,0
97,11,A,0,0
97,11,B,0,0
97,11,C,0,0
97,11,D,0,0
97,11,E,0,0
97,11,F,0,0
98,1,A,0,1
98,1,B,0,1
98,1,C,0,1
98,1,D,0,1
98,1,E,0,1
98,1,F,0,1
98,2,A,0,1
98,2,B,0,1
98,2,C,0,1
98,2,D,0,1
98,2,E,0,1
98,2,F,0,1
98,3,A,0,0
98,3,B,0,0
98,3,C,0,0
98,3,D,0,0
98,3,E,0,0
98,3,F,0,0
98,4,A,0,0
98,4,B,0,0
98,4,C,0,0
98,4,D,0,0
98,4,E,0,0
98,4,F,0,0
98,5,A,0,0
98,5,B,0,0
98,5,C,0,0
98,5,D,0,0
98,5,E,0,0
98,5,F,0,0
98,6,A,0,0
98,6,B,0,0
98,6,C,0,0
98,6,D,0,0
98,6,E,0,0
98,6,F,0,0
98,7,A,0,0
98,7,B,0,0
98,7,C,0,0
98,7,D,0,0
98,7,E,0,0
98,7,F,0,0
98,8,A,0,0
98,8,B,0,0
98,8,C,0,0
98,8,D,0,0
98,8,E,0,0
98,8,F,0,0
98,9,A,0,0
98,9,B,0,0
98,9,C,0,0
98,9,D,0,0
98,9,E,0,0
98,9,F,0,0
98,10,A,0,0
98,10,B,0,0
98,10,C,0,0
98,10,D,0,0
98,10,E,0,0
98,10,F,0,0
98,11,A,0,0
98,11,B,0,0
98,11,C,0,0
98,11,D,0,0
98,11,E,0,0
98,11,F,0,0
99,1,A,0,1
99,1,B,0,1
99,1,C,0,1
99,1,D,0,1
99,1,E,0,1
99,1,F,0,1
99,2,A,0,1
99,2,B,0,1
99,2,C,0,1
99,2,D,0,1
99,2,E,0,1
99,2,F,0,1
99,3,A,0,0
99,3,B,0,0
99,3,C,0,0
99,3,D,0,0
99,3,E,0,0
99,3,F,0,0
99,4,A,0,0
99,4,B,0,0
99,4,C,0,0
99,4,D,0,0
99,4,E,0,0
99,4,F,0,0
99,5,A,0,0
99,5,B,0,0
99,5,C,0,0
99,5,D,0,0
99,5,E,0,0
99,5,F,0,0
99,6,A,0,0
99,6,B,0,0
99,6,C,0,0
99,6,D,0,0
99,6,E,0,0
99,6,F,0,0
99,7,A,0,0
99,7,B,0,0
99,7,C,0,0
99,7,D,0,0
99,7,E,0,0
99,7,F,0,0
99,8,A,0,0
99,8,B,0,0
99,8,C,0,0
99,8,D,0,0
99,8,E,0,0
99,8,F,0,0
99,9,A,0,0
99,9,B,0,0
99,9,C,0,0
99,9,D,0,0
99,9,E,0,0
99,9,F,0,0
99,10,A,0,0
99,10,B,0,0
99,10,C,0,0
99,10,D,0,0
99,10,E,0,0
99,10,F,0,0
99,11,A,0,0
99,11,B,0,0
99,11,C,0,0
99,11,D,0,0
99,11,E,0,0
99,11,F,0,0
99,12,A,0,0
99,12,B,0,0
99,12,C,0,0
99,12,D,0,0
99,12,E,0,0
99,12,F,0,0
99,13,A,0,0
99,13,B,0,0
99,13,C,0,0
99,13,D,0,0
99,13,E,0,0
99,13,F,0,0
100,1,A,0,1
100,1,B,0,1
100,1,C,0,1
100,1,D,0,1
100,1,E,0,1
100,1,F,0,1
100,2,A,0,1
100,2,B,0,1
100,2,C,0,1
100,2,D,0,1
100,2,E,0,1
100,2,F,0,1
100,3,A,0,0
100,3,B,0,0
100,3,C,0,0
100,3,D,0,0
100,3,E,0,0
100,3,F,0,0
100,4,A,0,0
100,4,B,0,0
100,4,C,0,0
100,4,D,0,0
100,4,E,0,0
100,4,F,0,0
100,5,A,0,0
100,5,B,0,0
100,5,C,0,0
100,5,D,0,0
100,5,E,0,0
100,5,F,0,0
100,6,A,0,0
100,6,B,0,0
100,6,C,0,0
100,6,D,0,0
100,6,E,0,0
100,6,F,0,0
100,7,A,0,0
100,7,B,0,0
100,7,C,0,0
100,7,D,0,0
100,7,E,0,0
100,7,F,0,0
100,8,A,0,0
100,8,B,0,0
100,8,C,0,0
100,8,D,0,0
100,8,E,0,0
100,8,F,0,0
100,9,A,0,0
100,9,B,0,0
100,9,C,0,0
100,9,D,0,0
100,9,E,0,0
100,9,F,0,0
100,10,A,0,0
100,10,B,0,0
100,10,C,0,0
100,10,D,0,0
100,10,E,0,0
100,10,F,0,0
100,11,A,0,0
100,11,B,0,0
100,11,C,0,0
100,11,D,0,0
100,11,E,0,0
100,11,F,0,0
100,12,A,0,0
100,12,B,0,0
100,12,C,0,0
100,12,D,0,0
100,12,E,0,0
100,12,F,0,0
100,13,A,0,0
100,13,B,0,0
100,13,C,0,0
100,13,D,0,0
100,13,E,0,0
100,13,F,0,0
